depth	number
0	5854562
1	1314681
2	1494554
3	1766693
4	2103126
5	2473102
6	2832191
7	3099007
8	3234270
9	3213820
10	3037319
11	2730973
12	2352305
13	1934222
14	1530738
15	1169358
16	858070
17	610308
18	421496
19	283123
20	184716
21	118744
22	75499
23	48186
24	30672
25	19737
26	12837
27	9101
28	6488
29	4769
30	3646
31	3050
32	2375
33	1990
34	1687
35	1529
36	1366
37	1303
38	1213
39	1018
40	943
41	790
42	769
43	765
44	709
45	703
46	603
47	569
48	558
49	543
50	525
51	524
52	477
53	402
54	396
55	367
56	355
57	297
58	299
59	238
60	285
61	235
62	236
63	241
64	187
65	180
66	153
67	145
68	124
69	140
70	125
71	92
72	85
73	85
74	67
75	59
76	74
77	61
78	61
79	71
80	61
81	51
82	34
83	28
84	46
85	33
86	24
87	23
88	29
89	24
90	27
91	26
92	24
93	27
94	12
95	21
96	15
97	13
98	12
99	10
100	12
101	9
102	7
103	5
104	9
105	11
106	14
107	4
108	1
109	12
110	4
111	2
112	2
113	7
114	6
115	6
116	2
117	3
118	6
119	3
120	4
121	2
122	3
123	3
124	2
125	0
126	2
127	4
128	1
129	2
130	2
131	1
132	0
133	0
134	1
135	0
136	1
137	1
138	0
139	0
140	0
141	2
142	0
143	0
144	0
145	1
146	0
147	0
148	1
149	1
150	0
151	0
152	0
153	0
154	0
155	0
156	0
157	0
158	0
159	0
160	1
161	1
