chr	start	end	DMR_number	cumulative_pos
chr1	1	100000	26	50000
chr1	100001	200000	33	150000
chr1	200001	300000	30	250000
chr1	300001	400000	29	350000
chr1	400001	500000	37	450000
chr1	500001	600000	28	550000
chr1	600001	700000	32	650000
chr1	700001	800000	27	750000
chr1	800001	900000	32	850000
chr1	900001	1000000	31	950000
chr1	1000001	1100000	26	1050000
chr1	1100001	1200000	26	1150000
chr1	1200001	1300000	27	1250000
chr1	1300001	1400000	29	1350000
chr1	1400001	1500000	27	1450000
chr1	1500001	1600000	28	1550000
chr1	1600001	1700000	25	1650000
chr1	1700001	1800000	31	1750000
chr1	1800001	1900000	32	1850000
chr1	1900001	2000000	31	1950000
chr1	2000001	2100000	29	2050000
chr1	2100001	2200000	33	2150000
chr1	2200001	2300000	35	2250000
chr1	2300001	2400000	30	2350000
chr1	2400001	2500000	36	2450000
chr1	2500001	2600000	25	2550000
chr1	2600001	2700000	27	2650000
chr1	2700001	2800000	21	2750000
chr1	2800001	2900000	26	2850000
chr1	2900001	3000000	31	2950000
chr1	3000001	3100000	31	3050000
chr1	3100001	3200000	34	3150000
chr1	3200001	3300000	27	3250000
chr1	3300001	3400000	27	3350000
chr1	3400001	3500000	25	3450000
chr1	3500001	3600000	28	3550000
chr1	3600001	3700000	26	3650000
chr1	3700001	3800000	23	3750000
chr1	3800001	3900000	33	3850000
chr1	3900001	4000000	30	3950000
chr1	4000001	4100000	29	4050000
chr1	4100001	4200000	27	4150000
chr1	4200001	4300000	29	4250000
chr1	4300001	4400000	33	4350000
chr1	4400001	4500000	25	4450000
chr1	4500001	4600000	23	4550000
chr1	4600001	4700000	35	4650000
chr1	4700001	4800000	28	4750000
chr1	4800001	4900000	38	4850000
chr1	4900001	5000000	27	4950000
chr1	5000001	5100000	26	5050000
chr1	5100001	5200000	31	5150000
chr1	5200001	5300000	34	5250000
chr1	5300001	5400000	25	5350000
chr1	5400001	5500000	38	5450000
chr1	5500001	5600000	35	5550000
chr1	5600001	5700000	25	5650000
chr1	5700001	5800000	33	5750000
chr1	5800001	5900000	31	5850000
chr1	5900001	6000000	22	5950000
chr1	6000001	6100000	28	6050000
chr1	6100001	6200000	27	6150000
chr1	6200001	6300000	26	6250000
chr1	6300001	6400000	31	6350000
chr1	6400001	6500000	25	6450000
chr1	6500001	6600000	27	6550000
chr1	6600001	6700000	28	6650000
chr1	6700001	6800000	28	6750000
chr1	6800001	6900000	21	6850000
chr1	6900001	7000000	33	6950000
chr1	7000001	7100000	28	7050000
chr1	7100001	7200000	27	7150000
chr1	7200001	7300000	26	7250000
chr1	7300001	7400000	17	7350000
chr1	7400001	7500000	28	7450000
chr1	7500001	7600000	23	7550000
chr1	7600001	7700000	31	7650000
chr1	7700001	7800000	25	7750000
chr1	7800001	7900000	26	7850000
chr1	7900001	8000000	21	7950000
chr1	8000001	8100000	28	8050000
chr1	8100001	8200000	29	8150000
chr1	8200001	8300000	30	8250000
chr1	8300001	8400000	34	8350000
chr1	8400001	8500000	26	8450000
chr1	8500001	8600000	31	8550000
chr1	8600001	8700000	29	8650000
chr1	8700001	8800000	24	8750000
chr1	8800001	8900000	30	8850000
chr1	8900001	9000000	24	8950000
chr1	9000001	9100000	23	9050000
chr1	9100001	9200000	32	9150000
chr1	9200001	9300000	33	9250000
chr1	9300001	9400000	24	9350000
chr1	9400001	9500000	29	9450000
chr1	9500001	9600000	28	9550000
chr1	9600001	9700000	22	9650000
chr1	9700001	9800000	26	9750000
chr1	9800001	9900000	23	9850000
chr1	9900001	10000000	22	9950000
chr1	10000001	10100000	28	10050000
chr1	10100001	10200000	22	10150000
chr1	10200001	10300000	24	10250000
chr1	10300001	10400000	31	10350000
chr1	10400001	10500000	29	10450000
chr1	10500001	10600000	18	10550000
chr1	10600001	10700000	16	10650000
chr1	10700001	10800000	16	10750000
chr1	10800001	10900000	24	10850000
chr1	10900001	11000000	22	10950000
chr1	11000001	11100000	18	11050000
chr1	11100001	11200000	21	11150000
chr1	11200001	11300000	26	11250000
chr1	11300001	11400000	20	11350000
chr1	11400001	11500000	22	11450000
chr1	11500001	11600000	18	11550000
chr1	11600001	11700000	26	11650000
chr1	11700001	11800000	23	11750000
chr1	11800001	11900000	16	11850000
chr1	11900001	12000000	27	11950000
chr1	12000001	12100000	19	12050000
chr1	12100001	12200000	21	12150000
chr1	12200001	12300000	20	12250000
chr1	12300001	12400000	26	12350000
chr1	12400001	12500000	19	12450000
chr1	12500001	12600000	18	12550000
chr1	12600001	12700000	15	12650000
chr1	12700001	12800000	16	12750000
chr1	12800001	12900000	16	12850000
chr1	12900001	13000000	15	12950000
chr1	13000001	13100000	18	13050000
chr1	13100001	13200000	12	13150000
chr1	13200001	13300000	7	13250000
chr1	13300001	13400000	8	13350000
chr1	13400001	13500000	9	13450000
chr1	13500001	13600000	3	13550000
chr1	13600001	13700000	8	13650000
chr1	13700001	13800000	3	13750000
chr1	13800001	13900000	6	13850000
chr1	13900001	14000000	5	13950000
chr1	14000001	14100000	11	14050000
chr1	14100001	14200000	5	14150000
chr1	14200001	14300000	2	14250000
chr1	14300001	14400000	0	14350000
chr1	14400001	14500000	0	14450000
chr1	14500001	14600000	3	14550000
chr1	14600001	14700000	0	14650000
chr1	14700001	14800000	0	14750000
chr1	14800001	14900000	0	14850000
chr1	14900001	15000000	1	14950000
chr1	15000001	15100000	2	15050000
chr1	15100001	15200000	0	15150000
chr1	15200001	15300000	1	15250000
chr1	15300001	15400000	0	15350000
chr1	15400001	15500000	1	15450000
chr1	15500001	15600000	1	15550000
chr1	15600001	15700000	4	15650000
chr1	15700001	15800000	2	15750000
chr1	15800001	15900000	2	15850000
chr1	15900001	16000000	6	15950000
chr1	16000001	16100000	4	16050000
chr1	16100001	16200000	9	16150000
chr1	16200001	16300000	10	16250000
chr1	16300001	16400000	7	16350000
chr1	16400001	16500000	18	16450000
chr1	16500001	16600000	7	16550000
chr1	16600001	16700000	8	16650000
chr1	16700001	16800000	15	16750000
chr1	16800001	16900000	15	16850000
chr1	16900001	17000000	14	16950000
chr1	17000001	17100000	18	17050000
chr1	17100001	17200000	21	17150000
chr1	17200001	17300000	13	17250000
chr1	17300001	17400000	26	17350000
chr1	17400001	17500000	18	17450000
chr1	17500001	17600000	19	17550000
chr1	17600001	17700000	19	17650000
chr1	17700001	17800000	24	17750000
chr1	17800001	17900000	21	17850000
chr1	17900001	18000000	27	17950000
chr1	18000001	18100000	24	18050000
chr1	18100001	18200000	27	18150000
chr1	18200001	18300000	24	18250000
chr1	18300001	18400000	26	18350000
chr1	18400001	18500000	25	18450000
chr1	18500001	18600000	22	18550000
chr1	18600001	18700000	24	18650000
chr1	18700001	18800000	28	18750000
chr1	18800001	18900000	23	18850000
chr1	18900001	19000000	27	18950000
chr1	19000001	19100000	29	19050000
chr1	19100001	19200000	26	19150000
chr1	19200001	19300000	23	19250000
chr1	19300001	19400000	16	19350000
chr1	19400001	19500000	25	19450000
chr1	19500001	19600000	26	19550000
chr1	19600001	19700000	31	19650000
chr1	19700001	19800000	27	19750000
chr1	19800001	19900000	25	19850000
chr1	19900001	20000000	29	19950000
chr1	20000001	20100000	29	20050000
chr1	20100001	20200000	31	20150000
chr1	20200001	20300000	30	20250000
chr1	20300001	20400000	23	20350000
chr1	20400001	20500000	28	20450000
chr1	20500001	20600000	30	20550000
chr1	20600001	20700000	23	20650000
chr1	20700001	20800000	25	20750000
chr1	20800001	20900000	23	20850000
chr1	20900001	21000000	30	20950000
chr1	21000001	21100000	26	21050000
chr1	21100001	21200000	23	21150000
chr1	21200001	21300000	13	21250000
chr1	21300001	21400000	25	21350000
chr1	21400001	21500000	20	21450000
chr1	21500001	21600000	22	21550000
chr1	21600001	21700000	16	21650000
chr1	21700001	21800000	15	21750000
chr1	21800001	21900000	23	21850000
chr1	21900001	22000000	19	21950000
chr1	22000001	22100000	26	22050000
chr1	22100001	22200000	14	22150000
chr1	22200001	22300000	26	22250000
chr1	22300001	22400000	32	22350000
chr1	22400001	22500000	30	22450000
chr1	22500001	22600000	23	22550000
chr1	22600001	22700000	27	22650000
chr1	22700001	22800000	26	22750000
chr1	22800001	22900000	18	22850000
chr1	22900001	23000000	32	22950000
chr1	23000001	23100000	20	23050000
chr1	23100001	23200000	21	23150000
chr1	23200001	23300000	25	23250000
chr1	23300001	23400000	25	23350000
chr1	23400001	23500000	31	23450000
chr1	23500001	23600000	29	23550000
chr1	23600001	23700000	19	23650000
chr1	23700001	23800000	28	23750000
chr1	23800001	23900000	30	23850000
chr1	23900001	24000000	24	23950000
chr1	24000001	24100000	27	24050000
chr1	24100001	24200000	28	24150000
chr1	24200001	24300000	32	24250000
chr1	24300001	24400000	22	24350000
chr1	24400001	24500000	23	24450000
chr1	24500001	24600000	23	24550000
chr1	24600001	24700000	22	24650000
chr1	24700001	24800000	22	24750000
chr1	24800001	24900000	29	24850000
chr1	24900001	25000000	25	24950000
chr1	25000001	25100000	15	25050000
chr1	25100001	25200000	17	25150000
chr1	25200001	25300000	22	25250000
chr1	25300001	25400000	24	25350000
chr1	25400001	25500000	34	25450000
chr1	25500001	25600000	30	25550000
chr1	25600001	25700000	19	25650000
chr1	25700001	25800000	25	25750000
chr1	25800001	25900000	22	25850000
chr1	25900001	26000000	24	25950000
chr1	26000001	26100000	29	26050000
chr1	26100001	26200000	25	26150000
chr1	26200001	26300000	23	26250000
chr1	26300001	26400000	21	26350000
chr1	26400001	26500000	24	26450000
chr1	26500001	26600000	24	26550000
chr1	26600001	26700000	24	26650000
chr1	26700001	26800000	30	26750000
chr1	26800001	26900000	34	26850000
chr1	26900001	27000000	31	26950000
chr1	27000001	27100000	21	27050000
chr1	27100001	27200000	31	27150000
chr1	27200001	27300000	23	27250000
chr1	27300001	27400000	31	27350000
chr1	27400001	27500000	31	27450000
chr1	27500001	27600000	31	27550000
chr1	27600001	27700000	28	27650000
chr1	27700001	27800000	29	27750000
chr1	27800001	27900000	28	27850000
chr1	27900001	28000000	34	27950000
chr1	28000001	28100000	25	28050000
chr1	28100001	28200000	34	28150000
chr1	28200001	28300000	29	28250000
chr1	28300001	28400000	19	28350000
chr1	28400001	28500000	26	28450000
chr1	28500001	28600000	33	28550000
chr1	28600001	28700000	27	28650000
chr1	28700001	28800000	24	28750000
chr1	28800001	28900000	22	28850000
chr1	28900001	29000000	29	28950000
chr1	29000001	29100000	26	29050000
chr1	29100001	29200000	26	29150000
chr1	29200001	29300000	27	29250000
chr1	29300001	29400000	20	29350000
chr1	29400001	29500000	26	29450000
chr1	29500001	29600000	30	29550000
chr1	29600001	29700000	33	29650000
chr1	29700001	29800000	26	29750000
chr1	29800001	29900000	23	29850000
chr1	29900001	30000000	24	29950000
chr1	30000001	30100000	29	30050000
chr1	30100001	30200000	32	30150000
chr1	30200001	30300000	27	30250000
chr1	30300001	30400000	32	30350000
chr1	30400001	30427671	9	30413836
chr2	1	100000	13	30477671
chr2	100001	200000	29	30577671
chr2	200001	300000	25	30677671
chr2	300001	400000	23	30777671
chr2	400001	500000	23	30877671
chr2	500001	600000	18	30977671
chr2	600001	700000	27	31077671
chr2	700001	800000	22	31177671
chr2	800001	900000	22	31277671
chr2	900001	1000000	22	31377671
chr2	1000001	1100000	32	31477671
chr2	1100001	1200000	27	31577671
chr2	1200001	1300000	14	31677671
chr2	1300001	1400000	17	31777671
chr2	1400001	1500000	10	31877671
chr2	1500001	1600000	26	31977671
chr2	1600001	1700000	19	32077671
chr2	1700001	1800000	16	32177671
chr2	1800001	1900000	10	32277671
chr2	1900001	2000000	18	32377671
chr2	2000001	2100000	13	32477671
chr2	2100001	2200000	8	32577671
chr2	2200001	2300000	11	32677671
chr2	2300001	2400000	11	32777671
chr2	2400001	2500000	4	32877671
chr2	2500001	2600000	6	32977671
chr2	2600001	2700000	4	33077671
chr2	2700001	2800000	2	33177671
chr2	2800001	2900000	7	33277671
chr2	2900001	3000000	12	33377671
chr2	3000001	3100000	9	33477671
chr2	3100001	3200000	3	33577671
chr2	3200001	3300000	19	33677671
chr2	3300001	3400000	19	33777671
chr2	3400001	3500000	24	33877671
chr2	3500001	3600000	6	33977671
chr2	3600001	3700000	3	34077671
chr2	3700001	3800000	6	34177671
chr2	3800001	3900000	0	34277671
chr2	3900001	4000000	2	34377671
chr2	4000001	4100000	4	34477671
chr2	4100001	4200000	4	34577671
chr2	4200001	4300000	0	34677671
chr2	4300001	4400000	12	34777671
chr2	4400001	4500000	3	34877671
chr2	4500001	4600000	2	34977671
chr2	4600001	4700000	7	35077671
chr2	4700001	4800000	4	35177671
chr2	4800001	4900000	5	35277671
chr2	4900001	5000000	3	35377671
chr2	5000001	5100000	7	35477671
chr2	5100001	5200000	3	35577671
chr2	5200001	5300000	4	35677671
chr2	5300001	5400000	5	35777671
chr2	5400001	5500000	5	35877671
chr2	5500001	5600000	10	35977671
chr2	5600001	5700000	17	36077671
chr2	5700001	5800000	10	36177671
chr2	5800001	5900000	6	36277671
chr2	5900001	6000000	11	36377671
chr2	6000001	6100000	12	36477671
chr2	6100001	6200000	9	36577671
chr2	6200001	6300000	12	36677671
chr2	6300001	6400000	14	36777671
chr2	6400001	6500000	9	36877671
chr2	6500001	6600000	11	36977671
chr2	6600001	6700000	18	37077671
chr2	6700001	6800000	16	37177671
chr2	6800001	6900000	19	37277671
chr2	6900001	7000000	22	37377671
chr2	7000001	7100000	19	37477671
chr2	7100001	7200000	21	37577671
chr2	7200001	7300000	21	37677671
chr2	7300001	7400000	20	37777671
chr2	7400001	7500000	25	37877671
chr2	7500001	7600000	24	37977671
chr2	7600001	7700000	26	38077671
chr2	7700001	7800000	23	38177671
chr2	7800001	7900000	26	38277671
chr2	7900001	8000000	30	38377671
chr2	8000001	8100000	24	38477671
chr2	8100001	8200000	26	38577671
chr2	8200001	8300000	22	38677671
chr2	8300001	8400000	24	38777671
chr2	8400001	8500000	27	38877671
chr2	8500001	8600000	26	38977671
chr2	8600001	8700000	24	39077671
chr2	8700001	8800000	23	39177671
chr2	8800001	8900000	37	39277671
chr2	8900001	9000000	34	39377671
chr2	9000001	9100000	34	39477671
chr2	9100001	9200000	23	39577671
chr2	9200001	9300000	32	39677671
chr2	9300001	9400000	34	39777671
chr2	9400001	9500000	25	39877671
chr2	9500001	9600000	23	39977671
chr2	9600001	9700000	18	40077671
chr2	9700001	9800000	27	40177671
chr2	9800001	9900000	32	40277671
chr2	9900001	10000000	21	40377671
chr2	10000001	10100000	20	40477671
chr2	10100001	10200000	21	40577671
chr2	10200001	10300000	25	40677671
chr2	10300001	10400000	30	40777671
chr2	10400001	10500000	26	40877671
chr2	10500001	10600000	22	40977671
chr2	10600001	10700000	20	41077671
chr2	10700001	10800000	27	41177671
chr2	10800001	10900000	25	41277671
chr2	10900001	11000000	23	41377671
chr2	11000001	11100000	26	41477671
chr2	11100001	11200000	25	41577671
chr2	11200001	11300000	27	41677671
chr2	11300001	11400000	19	41777671
chr2	11400001	11500000	20	41877671
chr2	11500001	11600000	22	41977671
chr2	11600001	11700000	25	42077671
chr2	11700001	11800000	32	42177671
chr2	11800001	11900000	25	42277671
chr2	11900001	12000000	22	42377671
chr2	12000001	12100000	18	42477671
chr2	12100001	12200000	24	42577671
chr2	12200001	12300000	16	42677671
chr2	12300001	12400000	20	42777671
chr2	12400001	12500000	21	42877671
chr2	12500001	12600000	22	42977671
chr2	12600001	12700000	41	43077671
chr2	12700001	12800000	29	43177671
chr2	12800001	12900000	23	43277671
chr2	12900001	13000000	29	43377671
chr2	13000001	13100000	25	43477671
chr2	13100001	13200000	31	43577671
chr2	13200001	13300000	25	43677671
chr2	13300001	13400000	29	43777671
chr2	13400001	13500000	30	43877671
chr2	13500001	13600000	25	43977671
chr2	13600001	13700000	32	44077671
chr2	13700001	13800000	26	44177671
chr2	13800001	13900000	27	44277671
chr2	13900001	14000000	26	44377671
chr2	14000001	14100000	31	44477671
chr2	14100001	14200000	31	44577671
chr2	14200001	14300000	31	44677671
chr2	14300001	14400000	26	44777671
chr2	14400001	14500000	31	44877671
chr2	14500001	14600000	33	44977671
chr2	14600001	14700000	18	45077671
chr2	14700001	14800000	30	45177671
chr2	14800001	14900000	31	45277671
chr2	14900001	15000000	29	45377671
chr2	15000001	15100000	29	45477671
chr2	15100001	15200000	31	45577671
chr2	15200001	15300000	26	45677671
chr2	15300001	15400000	27	45777671
chr2	15400001	15500000	23	45877671
chr2	15500001	15600000	27	45977671
chr2	15600001	15700000	28	46077671
chr2	15700001	15800000	28	46177671
chr2	15800001	15900000	32	46277671
chr2	15900001	16000000	21	46377671
chr2	16000001	16100000	28	46477671
chr2	16100001	16200000	34	46577671
chr2	16200001	16300000	27	46677671
chr2	16300001	16400000	21	46777671
chr2	16400001	16500000	31	46877671
chr2	16500001	16600000	27	46977671
chr2	16600001	16700000	24	47077671
chr2	16700001	16800000	29	47177671
chr2	16800001	16900000	27	47277671
chr2	16900001	17000000	29	47377671
chr2	17000001	17100000	29	47477671
chr2	17100001	17200000	32	47577671
chr2	17200001	17300000	28	47677671
chr2	17300001	17400000	21	47777671
chr2	17400001	17500000	24	47877671
chr2	17500001	17600000	32	47977671
chr2	17600001	17700000	26	48077671
chr2	17700001	17800000	26	48177671
chr2	17800001	17900000	30	48277671
chr2	17900001	18000000	29	48377671
chr2	18000001	18100000	36	48477671
chr2	18100001	18200000	34	48577671
chr2	18200001	18300000	36	48677671
chr2	18300001	18400000	32	48777671
chr2	18400001	18500000	29	48877671
chr2	18500001	18600000	23	48977671
chr2	18600001	18700000	28	49077671
chr2	18700001	18800000	29	49177671
chr2	18800001	18900000	28	49277671
chr2	18900001	19000000	34	49377671
chr2	19000001	19100000	32	49477671
chr2	19100001	19200000	23	49577671
chr2	19200001	19300000	27	49677671
chr2	19300001	19400000	27	49777671
chr2	19400001	19500000	26	49877671
chr2	19500001	19600000	35	49977671
chr2	19600001	19698289	31	50076816
chr3	1	100000	34	50175960
chr3	100001	200000	33	50275960
chr3	200001	300000	37	50375960
chr3	300001	400000	36	50475960
chr3	400001	500000	27	50575960
chr3	500001	600000	37	50675960
chr3	600001	700000	34	50775960
chr3	700001	800000	32	50875960
chr3	800001	900000	31	50975960
chr3	900001	1000000	28	51075960
chr3	1000001	1100000	31	51175960
chr3	1100001	1200000	31	51275960
chr3	1200001	1300000	30	51375960
chr3	1300001	1400000	35	51475960
chr3	1400001	1500000	26	51575960
chr3	1500001	1600000	29	51675960
chr3	1600001	1700000	29	51775960
chr3	1700001	1800000	31	51875960
chr3	1800001	1900000	33	51975960
chr3	1900001	2000000	23	52075960
chr3	2000001	2100000	22	52175960
chr3	2100001	2200000	32	52275960
chr3	2200001	2300000	29	52375960
chr3	2300001	2400000	32	52475960
chr3	2400001	2500000	32	52575960
chr3	2500001	2600000	29	52675960
chr3	2600001	2700000	32	52775960
chr3	2700001	2800000	32	52875960
chr3	2800001	2900000	29	52975960
chr3	2900001	3000000	34	53075960
chr3	3000001	3100000	31	53175960
chr3	3100001	3200000	30	53275960
chr3	3200001	3300000	27	53375960
chr3	3300001	3400000	34	53475960
chr3	3400001	3500000	36	53575960
chr3	3500001	3600000	30	53675960
chr3	3600001	3700000	26	53775960
chr3	3700001	3800000	30	53875960
chr3	3800001	3900000	29	53975960
chr3	3900001	4000000	37	54075960
chr3	4000001	4100000	32	54175960
chr3	4100001	4200000	24	54275960
chr3	4200001	4300000	27	54375960
chr3	4300001	4400000	28	54475960
chr3	4400001	4500000	31	54575960
chr3	4500001	4600000	27	54675960
chr3	4600001	4700000	26	54775960
chr3	4700001	4800000	24	54875960
chr3	4800001	4900000	23	54975960
chr3	4900001	5000000	29	55075960
chr3	5000001	5100000	30	55175960
chr3	5100001	5200000	32	55275960
chr3	5200001	5300000	29	55375960
chr3	5300001	5400000	32	55475960
chr3	5400001	5500000	30	55575960
chr3	5500001	5600000	26	55675960
chr3	5600001	5700000	29	55775960
chr3	5700001	5800000	30	55875960
chr3	5800001	5900000	27	55975960
chr3	5900001	6000000	28	56075960
chr3	6000001	6100000	35	56175960
chr3	6100001	6200000	27	56275960
chr3	6200001	6300000	32	56375960
chr3	6300001	6400000	27	56475960
chr3	6400001	6500000	28	56575960
chr3	6500001	6600000	25	56675960
chr3	6600001	6700000	26	56775960
chr3	6700001	6800000	28	56875960
chr3	6800001	6900000	29	56975960
chr3	6900001	7000000	21	57075960
chr3	7000001	7100000	32	57175960
chr3	7100001	7200000	31	57275960
chr3	7200001	7300000	22	57375960
chr3	7300001	7400000	27	57475960
chr3	7400001	7500000	25	57575960
chr3	7500001	7600000	29	57675960
chr3	7600001	7700000	29	57775960
chr3	7700001	7800000	33	57875960
chr3	7800001	7900000	24	57975960
chr3	7900001	8000000	25	58075960
chr3	8000001	8100000	33	58175960
chr3	8100001	8200000	20	58275960
chr3	8200001	8300000	25	58375960
chr3	8300001	8400000	22	58475960
chr3	8400001	8500000	22	58575960
chr3	8500001	8600000	21	58675960
chr3	8600001	8700000	31	58775960
chr3	8700001	8800000	23	58875960
chr3	8800001	8900000	15	58975960
chr3	8900001	9000000	28	59075960
chr3	9000001	9100000	23	59175960
chr3	9100001	9200000	35	59275960
chr3	9200001	9300000	28	59375960
chr3	9300001	9400000	21	59475960
chr3	9400001	9500000	26	59575960
chr3	9500001	9600000	31	59675960
chr3	9600001	9700000	26	59775960
chr3	9700001	9800000	23	59875960
chr3	9800001	9900000	22	59975960
chr3	9900001	10000000	31	60075960
chr3	10000001	10100000	22	60175960
chr3	10100001	10200000	27	60275960
chr3	10200001	10300000	24	60375960
chr3	10300001	10400000	25	60475960
chr3	10400001	10500000	16	60575960
chr3	10500001	10600000	23	60675960
chr3	10600001	10700000	20	60775960
chr3	10700001	10800000	25	60875960
chr3	10800001	10900000	12	60975960
chr3	10900001	11000000	15	61075960
chr3	11000001	11100000	18	61175960
chr3	11100001	11200000	13	61275960
chr3	11200001	11300000	19	61375960
chr3	11300001	11400000	9	61475960
chr3	11400001	11500000	6	61575960
chr3	11500001	11600000	9	61675960
chr3	11600001	11700000	5	61775960
chr3	11700001	11800000	7	61875960
chr3	11800001	11900000	8	61975960
chr3	11900001	12000000	14	62075960
chr3	12000001	12100000	2	62175960
chr3	12100001	12200000	5	62275960
chr3	12200001	12300000	1	62375960
chr3	12300001	12400000	3	62475960
chr3	12400001	12500000	6	62575960
chr3	12500001	12600000	4	62675960
chr3	12600001	12700000	4	62775960
chr3	12700001	12800000	5	62875960
chr3	12800001	12900000	1	62975960
chr3	12900001	13000000	2	63075960
chr3	13000001	13100000	8	63175960
chr3	13100001	13200000	7	63275960
chr3	13200001	13300000	3	63375960
chr3	13300001	13400000	2	63475960
chr3	13400001	13500000	6	63575960
chr3	13500001	13600000	2	63675960
chr3	13600001	13700000	0	63775960
chr3	13700001	13800000	0	63875960
chr3	13800001	13900000	0	63975960
chr3	13900001	14000000	0	64075960
chr3	14000001	14100000	7	64175960
chr3	14100001	14200000	1	64275960
chr3	14200001	14300000	3	64375960
chr3	14300001	14400000	7	64475960
chr3	14400001	14500000	1	64575960
chr3	14500001	14600000	3	64675960
chr3	14600001	14700000	6	64775960
chr3	14700001	14800000	6	64875960
chr3	14800001	14900000	6	64975960
chr3	14900001	15000000	6	65075960
chr3	15000001	15100000	8	65175960
chr3	15100001	15200000	9	65275960
chr3	15200001	15300000	10	65375960
chr3	15300001	15400000	11	65475960
chr3	15400001	15500000	8	65575960
chr3	15500001	15600000	10	65675960
chr3	15600001	15700000	11	65775960
chr3	15700001	15800000	17	65875960
chr3	15800001	15900000	18	65975960
chr3	15900001	16000000	16	66075960
chr3	16000001	16100000	14	66175960
chr3	16100001	16200000	12	66275960
chr3	16200001	16300000	15	66375960
chr3	16300001	16400000	22	66475960
chr3	16400001	16500000	19	66575960
chr3	16500001	16600000	20	66675960
chr3	16600001	16700000	23	66775960
chr3	16700001	16800000	25	66875960
chr3	16800001	16900000	24	66975960
chr3	16900001	17000000	29	67075960
chr3	17000001	17100000	20	67175960
chr3	17100001	17200000	26	67275960
chr3	17200001	17300000	29	67375960
chr3	17300001	17400000	26	67475960
chr3	17400001	17500000	21	67575960
chr3	17500001	17600000	26	67675960
chr3	17600001	17700000	23	67775960
chr3	17700001	17800000	23	67875960
chr3	17800001	17900000	23	67975960
chr3	17900001	18000000	23	68075960
chr3	18000001	18100000	26	68175960
chr3	18100001	18200000	29	68275960
chr3	18200001	18300000	28	68375960
chr3	18300001	18400000	30	68475960
chr3	18400001	18500000	31	68575960
chr3	18500001	18600000	29	68675960
chr3	18600001	18700000	24	68775960
chr3	18700001	18800000	22	68875960
chr3	18800001	18900000	29	68975960
chr3	18900001	19000000	33	69075960
chr3	19000001	19100000	34	69175960
chr3	19100001	19200000	33	69275960
chr3	19200001	19300000	26	69375960
chr3	19300001	19400000	33	69475960
chr3	19400001	19500000	27	69575960
chr3	19500001	19600000	30	69675960
chr3	19600001	19700000	32	69775960
chr3	19700001	19800000	31	69875960
chr3	19800001	19900000	30	69975960
chr3	19900001	20000000	31	70075960
chr3	20000001	20100000	29	70175960
chr3	20100001	20200000	28	70275960
chr3	20200001	20300000	26	70375960
chr3	20300001	20400000	26	70475960
chr3	20400001	20500000	25	70575960
chr3	20500001	20600000	27	70675960
chr3	20600001	20700000	28	70775960
chr3	20700001	20800000	30	70875960
chr3	20800001	20900000	30	70975960
chr3	20900001	21000000	33	71075960
chr3	21000001	21100000	34	71175960
chr3	21100001	21200000	29	71275960
chr3	21200001	21300000	24	71375960
chr3	21300001	21400000	24	71475960
chr3	21400001	21500000	30	71575960
chr3	21500001	21600000	32	71675960
chr3	21600001	21700000	27	71775960
chr3	21700001	21800000	35	71875960
chr3	21800001	21900000	26	71975960
chr3	21900001	22000000	32	72075960
chr3	22000001	22100000	24	72175960
chr3	22100001	22200000	30	72275960
chr3	22200001	22300000	23	72375960
chr3	22300001	22400000	26	72475960
chr3	22400001	22500000	31	72575960
chr3	22500001	22600000	17	72675960
chr3	22600001	22700000	34	72775960
chr3	22700001	22800000	30	72875960
chr3	22800001	22900000	31	72975960
chr3	22900001	23000000	30	73075960
chr3	23000001	23100000	36	73175960
chr3	23100001	23200000	25	73275960
chr3	23200001	23300000	37	73375960
chr3	23300001	23400000	30	73475960
chr3	23400001	23459830	20	73555875
chr4	1	100000	27	73635790
chr4	100001	200000	29	73735790
chr4	200001	300000	30	73835790
chr4	300001	400000	26	73935790
chr4	400001	500000	27	74035790
chr4	500001	600000	30	74135790
chr4	600001	700000	19	74235790
chr4	700001	800000	26	74335790
chr4	800001	900000	27	74435790
chr4	900001	1000000	25	74535790
chr4	1000001	1100000	26	74635790
chr4	1100001	1200000	24	74735790
chr4	1200001	1300000	26	74835790
chr4	1300001	1400000	26	74935790
chr4	1400001	1500000	26	75035790
chr4	1500001	1600000	22	75135790
chr4	1600001	1700000	9	75235790
chr4	1700001	1800000	3	75335790
chr4	1800001	1900000	6	75435790
chr4	1900001	2000000	7	75535790
chr4	2000001	2100000	6	75635790
chr4	2100001	2200000	8	75735790
chr4	2200001	2300000	11	75835790
chr4	2300001	2400000	15	75935790
chr4	2400001	2500000	21	76035790
chr4	2500001	2600000	24	76135790
chr4	2600001	2700000	24	76235790
chr4	2700001	2800000	21	76335790
chr4	2800001	2900000	5	76435790
chr4	2900001	3000000	5	76535790
chr4	3000001	3100000	2	76635790
chr4	3100001	3200000	1	76735790
chr4	3200001	3300000	0	76835790
chr4	3300001	3400000	3	76935790
chr4	3400001	3500000	0	77035790
chr4	3500001	3600000	2	77135790
chr4	3600001	3700000	2	77235790
chr4	3700001	3800000	1	77335790
chr4	3800001	3900000	0	77435790
chr4	3900001	4000000	2	77535790
chr4	4000001	4100000	3	77635790
chr4	4100001	4200000	4	77735790
chr4	4200001	4300000	2	77835790
chr4	4300001	4400000	3	77935790
chr4	4400001	4500000	3	78035790
chr4	4500001	4600000	1	78135790
chr4	4600001	4700000	4	78235790
chr4	4700001	4800000	3	78335790
chr4	4800001	4900000	7	78435790
chr4	4900001	5000000	1	78535790
chr4	5000001	5100000	1	78635790
chr4	5100001	5200000	12	78735790
chr4	5200001	5300000	13	78835790
chr4	5300001	5400000	14	78935790
chr4	5400001	5500000	12	79035790
chr4	5500001	5600000	12	79135790
chr4	5600001	5700000	15	79235790
chr4	5700001	5800000	18	79335790
chr4	5800001	5900000	21	79435790
chr4	5900001	6000000	12	79535790
chr4	6000001	6100000	21	79635790
chr4	6100001	6200000	24	79735790
chr4	6200001	6300000	22	79835790
chr4	6300001	6400000	27	79935790
chr4	6400001	6500000	21	80035790
chr4	6500001	6600000	22	80135790
chr4	6600001	6700000	23	80235790
chr4	6700001	6800000	22	80335790
chr4	6800001	6900000	21	80435790
chr4	6900001	7000000	23	80535790
chr4	7000001	7100000	26	80635790
chr4	7100001	7200000	25	80735790
chr4	7200001	7300000	22	80835790
chr4	7300001	7400000	22	80935790
chr4	7400001	7500000	30	81035790
chr4	7500001	7600000	27	81135790
chr4	7600001	7700000	27	81235790
chr4	7700001	7800000	22	81335790
chr4	7800001	7900000	16	81435790
chr4	7900001	8000000	22	81535790
chr4	8000001	8100000	28	81635790
chr4	8100001	8200000	28	81735790
chr4	8200001	8300000	30	81835790
chr4	8300001	8400000	26	81935790
chr4	8400001	8500000	21	82035790
chr4	8500001	8600000	33	82135790
chr4	8600001	8700000	23	82235790
chr4	8700001	8800000	17	82335790
chr4	8800001	8900000	25	82435790
chr4	8900001	9000000	30	82535790
chr4	9000001	9100000	28	82635790
chr4	9100001	9200000	27	82735790
chr4	9200001	9300000	27	82835790
chr4	9300001	9400000	26	82935790
chr4	9400001	9500000	22	83035790
chr4	9500001	9600000	19	83135790
chr4	9600001	9700000	25	83235790
chr4	9700001	9800000	28	83335790
chr4	9800001	9900000	27	83435790
chr4	9900001	10000000	23	83535790
chr4	10000001	10100000	27	83635790
chr4	10100001	10200000	27	83735790
chr4	10200001	10300000	27	83835790
chr4	10300001	10400000	30	83935790
chr4	10400001	10500000	31	84035790
chr4	10500001	10600000	18	84135790
chr4	10600001	10700000	24	84235790
chr4	10700001	10800000	27	84335790
chr4	10800001	10900000	28	84435790
chr4	10900001	11000000	20	84535790
chr4	11000001	11100000	30	84635790
chr4	11100001	11200000	20	84735790
chr4	11200001	11300000	28	84835790
chr4	11300001	11400000	23	84935790
chr4	11400001	11500000	27	85035790
chr4	11500001	11600000	22	85135790
chr4	11600001	11700000	25	85235790
chr4	11700001	11800000	35	85335790
chr4	11800001	11900000	28	85435790
chr4	11900001	12000000	32	85535790
chr4	12000001	12100000	22	85635790
chr4	12100001	12200000	29	85735790
chr4	12200001	12300000	24	85835790
chr4	12300001	12400000	26	85935790
chr4	12400001	12500000	27	86035790
chr4	12500001	12600000	30	86135790
chr4	12600001	12700000	28	86235790
chr4	12700001	12800000	26	86335790
chr4	12800001	12900000	30	86435790
chr4	12900001	13000000	33	86535790
chr4	13000001	13100000	33	86635790
chr4	13100001	13200000	31	86735790
chr4	13200001	13300000	28	86835790
chr4	13300001	13400000	32	86935790
chr4	13400001	13500000	32	87035790
chr4	13500001	13600000	27	87135790
chr4	13600001	13700000	25	87235790
chr4	13700001	13800000	30	87335790
chr4	13800001	13900000	31	87435790
chr4	13900001	14000000	38	87535790
chr4	14000001	14100000	34	87635790
chr4	14100001	14200000	24	87735790
chr4	14200001	14300000	27	87835790
chr4	14300001	14400000	22	87935790
chr4	14400001	14500000	36	88035790
chr4	14500001	14600000	33	88135790
chr4	14600001	14700000	27	88235790
chr4	14700001	14800000	16	88335790
chr4	14800001	14900000	27	88435790
chr4	14900001	15000000	32	88535790
chr4	15000001	15100000	24	88635790
chr4	15100001	15200000	34	88735790
chr4	15200001	15300000	28	88835790
chr4	15300001	15400000	28	88935790
chr4	15400001	15500000	25	89035790
chr4	15500001	15600000	29	89135790
chr4	15600001	15700000	26	89235790
chr4	15700001	15800000	24	89335790
chr4	15800001	15900000	21	89435790
chr4	15900001	16000000	25	89535790
chr4	16000001	16100000	28	89635790
chr4	16100001	16200000	36	89735790
chr4	16200001	16300000	28	89835790
chr4	16300001	16400000	27	89935790
chr4	16400001	16500000	31	90035790
chr4	16500001	16600000	30	90135790
chr4	16600001	16700000	28	90235790
chr4	16700001	16800000	25	90335790
chr4	16800001	16900000	31	90435790
chr4	16900001	17000000	34	90535790
chr4	17000001	17100000	26	90635790
chr4	17100001	17200000	23	90735790
chr4	17200001	17300000	31	90835790
chr4	17300001	17400000	22	90935790
chr4	17400001	17500000	31	91035790
chr4	17500001	17600000	28	91135790
chr4	17600001	17700000	24	91235790
chr4	17700001	17800000	20	91335790
chr4	17800001	17900000	29	91435790
chr4	17900001	18000000	35	91535790
chr4	18000001	18100000	29	91635790
chr4	18100001	18200000	30	91735790
chr4	18200001	18300000	30	91835790
chr4	18300001	18400000	26	91935790
chr4	18400001	18500000	27	92035790
chr4	18500001	18585056	33	92128318
chr5	1	100000	27	92220846
chr5	100001	200000	26	92320846
chr5	200001	300000	30	92420846
chr5	300001	400000	29	92520846
chr5	400001	500000	31	92620846
chr5	500001	600000	31	92720846
chr5	600001	700000	34	92820846
chr5	700001	800000	34	92920846
chr5	800001	900000	31	93020846
chr5	900001	1000000	22	93120846
chr5	1000001	1100000	34	93220846
chr5	1100001	1200000	25	93320846
chr5	1200001	1300000	25	93420846
chr5	1300001	1400000	24	93520846
chr5	1400001	1500000	29	93620846
chr5	1500001	1600000	35	93720846
chr5	1600001	1700000	29	93820846
chr5	1700001	1800000	31	93920846
chr5	1800001	1900000	30	94020846
chr5	1900001	2000000	29	94120846
chr5	2000001	2100000	27	94220846
chr5	2100001	2200000	28	94320846
chr5	2200001	2300000	23	94420846
chr5	2300001	2400000	31	94520846
chr5	2400001	2500000	24	94620846
chr5	2500001	2600000	31	94720846
chr5	2600001	2700000	32	94820846
chr5	2700001	2800000	28	94920846
chr5	2800001	2900000	32	95020846
chr5	2900001	3000000	39	95120846
chr5	3000001	3100000	28	95220846
chr5	3100001	3200000	28	95320846
chr5	3200001	3300000	31	95420846
chr5	3300001	3400000	30	95520846
chr5	3400001	3500000	30	95620846
chr5	3500001	3600000	24	95720846
chr5	3600001	3700000	27	95820846
chr5	3700001	3800000	25	95920846
chr5	3800001	3900000	31	96020846
chr5	3900001	4000000	29	96120846
chr5	4000001	4100000	26	96220846
chr5	4100001	4200000	22	96320846
chr5	4200001	4300000	22	96420846
chr5	4300001	4400000	23	96520846
chr5	4400001	4500000	33	96620846
chr5	4500001	4600000	31	96720846
chr5	4600001	4700000	33	96820846
chr5	4700001	4800000	24	96920846
chr5	4800001	4900000	30	97020846
chr5	4900001	5000000	28	97120846
chr5	5000001	5100000	27	97220846
chr5	5100001	5200000	29	97320846
chr5	5200001	5300000	31	97420846
chr5	5300001	5400000	34	97520846
chr5	5400001	5500000	22	97620846
chr5	5500001	5600000	29	97720846
chr5	5600001	5700000	33	97820846
chr5	5700001	5800000	29	97920846
chr5	5800001	5900000	27	98020846
chr5	5900001	6000000	31	98120846
chr5	6000001	6100000	30	98220846
chr5	6100001	6200000	23	98320846
chr5	6200001	6300000	28	98420846
chr5	6300001	6400000	23	98520846
chr5	6400001	6500000	25	98620846
chr5	6500001	6600000	28	98720846
chr5	6600001	6700000	28	98820846
chr5	6700001	6800000	35	98920846
chr5	6800001	6900000	28	99020846
chr5	6900001	7000000	27	99120846
chr5	7000001	7100000	21	99220846
chr5	7100001	7200000	26	99320846
chr5	7200001	7300000	22	99420846
chr5	7300001	7400000	30	99520846
chr5	7400001	7500000	25	99620846
chr5	7500001	7600000	21	99720846
chr5	7600001	7700000	25	99820846
chr5	7700001	7800000	19	99920846
chr5	7800001	7900000	29	100020846
chr5	7900001	8000000	27	100120846
chr5	8000001	8100000	29	100220846
chr5	8100001	8200000	24	100320846
chr5	8200001	8300000	20	100420846
chr5	8300001	8400000	23	100520846
chr5	8400001	8500000	20	100620846
chr5	8500001	8600000	20	100720846
chr5	8600001	8700000	24	100820846
chr5	8700001	8800000	18	100920846
chr5	8800001	8900000	25	101020846
chr5	8900001	9000000	19	101120846
chr5	9000001	9100000	20	101220846
chr5	9100001	9200000	23	101320846
chr5	9200001	9300000	20	101420846
chr5	9300001	9400000	18	101520846
chr5	9400001	9500000	27	101620846
chr5	9500001	9600000	22	101720846
chr5	9600001	9700000	24	101820846
chr5	9700001	9800000	20	101920846
chr5	9800001	9900000	20	102020846
chr5	9900001	10000000	10	102120846
chr5	10000001	10100000	14	102220846
chr5	10100001	10200000	7	102320846
chr5	10200001	10300000	6	102420846
chr5	10300001	10400000	15	102520846
chr5	10400001	10500000	6	102620846
chr5	10500001	10600000	5	102720846
chr5	10600001	10700000	9	102820846
chr5	10700001	10800000	7	102920846
chr5	10800001	10900000	11	103020846
chr5	10900001	11000000	7	103120846
chr5	11000001	11100000	1	103220846
chr5	11100001	11200000	7	103320846
chr5	11200001	11300000	2	103420846
chr5	11300001	11400000	3	103520846
chr5	11400001	11500000	0	103620846
chr5	11500001	11600000	1	103720846
chr5	11600001	11700000	4	103820846
chr5	11700001	11800000	0	103920846
chr5	11800001	11900000	0	104020846
chr5	11900001	12000000	0	104120846
chr5	12000001	12100000	4	104220846
chr5	12100001	12200000	0	104320846
chr5	12200001	12300000	4	104420846
chr5	12300001	12400000	0	104520846
chr5	12400001	12500000	1	104620846
chr5	12500001	12600000	7	104720846
chr5	12600001	12700000	4	104820846
chr5	12700001	12800000	3	104920846
chr5	12800001	12900000	0	105020846
chr5	12900001	13000000	4	105120846
chr5	13000001	13100000	2	105220846
chr5	13100001	13200000	5	105320846
chr5	13200001	13300000	6	105420846
chr5	13300001	13400000	8	105520846
chr5	13400001	13500000	9	105620846
chr5	13500001	13600000	10	105720846
chr5	13600001	13700000	11	105820846
chr5	13700001	13800000	13	105920846
chr5	13800001	13900000	16	106020846
chr5	13900001	14000000	9	106120846
chr5	14000001	14100000	12	106220846
chr5	14100001	14200000	11	106320846
chr5	14200001	14300000	16	106420846
chr5	14300001	14400000	30	106520846
chr5	14400001	14500000	18	106620846
chr5	14500001	14600000	11	106720846
chr5	14600001	14700000	13	106820846
chr5	14700001	14800000	21	106920846
chr5	14800001	14900000	20	107020846
chr5	14900001	15000000	25	107120846
chr5	15000001	15100000	13	107220846
chr5	15100001	15200000	18	107320846
chr5	15200001	15300000	20	107420846
chr5	15300001	15400000	25	107520846
chr5	15400001	15500000	25	107620846
chr5	15500001	15600000	27	107720846
chr5	15600001	15700000	22	107820846
chr5	15700001	15800000	29	107920846
chr5	15800001	15900000	27	108020846
chr5	15900001	16000000	27	108120846
chr5	16000001	16100000	29	108220846
chr5	16100001	16200000	20	108320846
chr5	16200001	16300000	29	108420846
chr5	16300001	16400000	21	108520846
chr5	16400001	16500000	34	108620846
chr5	16500001	16600000	26	108720846
chr5	16600001	16700000	28	108820846
chr5	16700001	16800000	28	108920846
chr5	16800001	16900000	33	109020846
chr5	16900001	17000000	28	109120846
chr5	17000001	17100000	16	109220846
chr5	17100001	17200000	30	109320846
chr5	17200001	17300000	24	109420846
chr5	17300001	17400000	29	109520846
chr5	17400001	17500000	25	109620846
chr5	17500001	17600000	27	109720846
chr5	17600001	17700000	21	109820846
chr5	17700001	17800000	22	109920846
chr5	17800001	17900000	26	110020846
chr5	17900001	18000000	30	110120846
chr5	18000001	18100000	21	110220846
chr5	18100001	18200000	26	110320846
chr5	18200001	18300000	17	110420846
chr5	18300001	18400000	17	110520846
chr5	18400001	18500000	25	110620846
chr5	18500001	18600000	24	110720846
chr5	18600001	18700000	31	110820846
chr5	18700001	18800000	24	110920846
chr5	18800001	18900000	24	111020846
chr5	18900001	19000000	25	111120846
chr5	19000001	19100000	27	111220846
chr5	19100001	19200000	29	111320846
chr5	19200001	19300000	31	111420846
chr5	19300001	19400000	33	111520846
chr5	19400001	19500000	19	111620846
chr5	19500001	19600000	29	111720846
chr5	19600001	19700000	29	111820846
chr5	19700001	19800000	27	111920846
chr5	19800001	19900000	30	112020846
chr5	19900001	20000000	23	112120846
chr5	20000001	20100000	23	112220846
chr5	20100001	20200000	21	112320846
chr5	20200001	20300000	17	112420846
chr5	20300001	20400000	29	112520846
chr5	20400001	20500000	22	112620846
chr5	20500001	20600000	32	112720846
chr5	20600001	20700000	27	112820846
chr5	20700001	20800000	33	112920846
chr5	20800001	20900000	27	113020846
chr5	20900001	21000000	25	113120846
chr5	21000001	21100000	26	113220846
chr5	21100001	21200000	25	113320846
chr5	21200001	21300000	32	113420846
chr5	21300001	21400000	35	113520846
chr5	21400001	21500000	24	113620846
chr5	21500001	21600000	25	113720846
chr5	21600001	21700000	23	113820846
chr5	21700001	21800000	26	113920846
chr5	21800001	21900000	29	114020846
chr5	21900001	22000000	31	114120846
chr5	22000001	22100000	25	114220846
chr5	22100001	22200000	24	114320846
chr5	22200001	22300000	27	114420846
chr5	22300001	22400000	36	114520846
chr5	22400001	22500000	33	114620846
chr5	22500001	22600000	30	114720846
chr5	22600001	22700000	24	114820846
chr5	22700001	22800000	26	114920846
chr5	22800001	22900000	30	115020846
chr5	22900001	23000000	32	115120846
chr5	23000001	23100000	24	115220846
chr5	23100001	23200000	20	115320846
chr5	23200001	23300000	26	115420846
chr5	23300001	23400000	28	115520846
chr5	23400001	23500000	36	115620846
chr5	23500001	23600000	33	115720846
chr5	23600001	23700000	29	115820846
chr5	23700001	23800000	31	115920846
chr5	23800001	23900000	29	116020846
chr5	23900001	24000000	34	116120846
chr5	24000001	24100000	25	116220846
chr5	24100001	24200000	30	116320846
chr5	24200001	24300000	33	116420846
chr5	24300001	24400000	30	116520846
chr5	24400001	24500000	22	116620846
chr5	24500001	24600000	25	116720846
chr5	24600001	24700000	30	116820846
chr5	24700001	24800000	30	116920846
chr5	24800001	24900000	27	117020846
chr5	24900001	25000000	27	117120846
chr5	25000001	25100000	28	117220846
chr5	25100001	25200000	24	117320846
chr5	25200001	25300000	37	117420846
chr5	25300001	25400000	36	117520846
chr5	25400001	25500000	29	117620846
chr5	25500001	25600000	27	117720846
chr5	25600001	25700000	30	117820846
chr5	25700001	25800000	34	117920846
chr5	25800001	25900000	26	118020846
chr5	25900001	26000000	35	118120846
chr5	26000001	26100000	26	118220846
chr5	26100001	26200000	27	118320846
chr5	26200001	26300000	21	118420846
chr5	26300001	26400000	29	118520846
chr5	26400001	26500000	36	118620846
chr5	26500001	26600000	33	118720846
chr5	26600001	26700000	26	118820846
chr5	26700001	26800000	32	118920846
chr5	26800001	26900000	29	119020846
chr5	26900001	26975502	23	119108597
