depth	mC	CG	CHG	CHH
0	0	749187	748758	4379884
1	0	90829	119706	1020857
1	1	52340	23691	33145
2	0	106351	136141	1146500
2	1	14834	18185	42602
2	2	44143	11655	7416
3	0	131247	163760	1305542
3	1	6617	15768	54605
3	2	16709	12001	11569
3	3	42086	7515	3017
4	0	160590	200474	1486495
4	1	5420	15226	66387
4	2	6299	11001	14544
4	3	20128	9378	5538
4	4	41744	5327	1615
5	0	191082	238487	1656398
5	1	6351	15576	79913
5	2	2906	9822	17319
5	3	8006	9385	7649
5	4	23147	7790	3152
5	5	41732	3970	910
6	0	221231	276115	1791574
6	1	8027	16773	92730
6	2	1936	8821	19482
6	3	3494	8638	9471
6	4	10133	8164	4622
6	5	26411	6332	1787
6	6	41858	2983	584
7	0	240419	307739	1864096
7	1	9673	17934	103256
7	2	1641	7743	20276
7	3	2063	7635	10505
7	4	4498	7770	5777
7	5	11729	6992	2825
7	6	27907	5166	1129
7	7	40667	2249	373
8	0	257290	328574	1874731
8	1	11423	19199	111065
8	2	1562	6826	20637
8	3	1379	6499	10925
8	4	2191	6686	6537
8	5	5134	6621	3678
8	6	13125	5766	1750
8	7	28499	4082	693
8	8	37918	1655	246
9	0	263907	340268	1833115
9	1	12785	20298	114969
9	2	1518	5877	20040
9	3	1138	5506	10905
9	4	1387	5671	6853
9	5	2423	5715	4171
9	6	5772	5523	2357
9	7	13688	4757	1071
9	8	27566	3212	498
9	9	34465	1291	139
10	0	260648	339591	1729958
10	1	13645	20827	113852
10	2	1515	5140	19092
10	3	923	4496	10235
10	4	955	4706	6828
10	5	1427	4664	4502
10	6	2722	4792	2689
10	7	6148	4562	1465
10	8	13662	3810	683
10	9	26510	2399	237
10	10	30260	930	95
11	0	248107	325991	1582316
11	1	14229	20968	110357
11	2	1510	4241	17539
11	3	805	3607	9201
11	4	789	3754	6294
11	5	878	3854	4177
11	6	1407	3907	2709
11	7	2904	4017	1668
11	8	6419	3630	900
11	9	13200	3015	396
11	10	23259	1729	165
11	11	25722	640	70
12	0	228738	303928	1412290
12	1	13884	20371	103841
12	2	1380	3535	15664
12	3	690	2991	8027
12	4	640	2956	5514
12	5	692	2870	3858
12	6	867	3074	2643
12	7	1544	3166	1644
12	8	2912	3108	1008
12	9	5973	2761	528
12	10	12208	2099	255
12	11	20870	1232	113
12	12	21321	437	42
13	0	204421	273586	1220886
13	1	13590	19170	94771
13	2	1283	3021	13858
13	3	643	2421	6895
13	4	557	2268	4818
13	5	496	2291	3407
13	6	535	2380	2369
13	7	869	2505	1576
13	8	1379	2608	1058
13	9	2761	2447	611
13	10	5607	2172	321
13	11	10830	1577	164
13	12	17831	861	64
13	13	17094	290	34
14	0	177072	241112	1034380
14	1	12448	17904	83646
14	2	1240	2439	11598
14	3	545	1752	5652
14	4	404	1691	3947
14	5	424	1798	2828
14	6	401	1842	2026
14	7	533	1893	1455
14	8	790	1987	1064
14	9	1376	2030	665
14	10	2577	1843	362
14	11	5102	1477	176
14	12	9480	1119	96
14	13	14271	632	54
14	14	13297	172	30
15	0	149809	205048	857744
15	1	11109	15822	72424
15	2	1033	2001	9458
15	3	459	1364	4813
15	4	332	1274	3291
15	5	284	1362	2488
15	6	308	1429	1772
15	7	381	1451	1409
15	8	474	1475	916
15	9	723	1557	613
15	10	1275	1434	381
15	11	2321	1317	208
15	12	4306	1146	117
15	13	7868	785	54
15	14	11562	443	25
15	15	10299	118	15
16	0	123388	170282	690077
16	1	9839	13776	61768
16	2	909	1711	7972
16	3	367	1047	3705
16	4	296	962	2666
16	5	229	1027	1967
16	6	247	1008	1539
16	7	248	1086	1121
16	8	325	1101	793
16	9	414	1095	547
16	10	669	1044	361
16	11	1124	1019	239
16	12	2075	945	131
16	13	3683	762	73
16	14	6292	501	30
16	15	8868	268	19
16	16	7662	89	9
17	0	98829	138942	548192
17	1	8307	11997	51060
17	2	784	1354	6333
17	3	317	777	2993
17	4	228	721	2106
17	5	198	738	1575
17	6	182	750	1158
17	7	175	815	929
17	8	215	779	708
17	9	296	853	499
17	10	378	824	369
17	11	565	878	218
17	12	992	771	144
17	13	1691	646	87
17	14	3086	536	39
17	15	4920	332	17
17	16	6777	175	15
17	17	5485	51	6
18	0	77507	109484	427367
18	1	6923	9826	41215
18	2	660	1057	5340
18	3	259	586	2307
18	4	186	571	1708
18	5	145	542	1235
18	6	127	566	980
18	7	122	580	752
18	8	132	626	653
18	9	178	631	433
18	10	235	594	307
18	11	354	615	177
18	12	465	600	139
18	13	826	532	83
18	14	1473	488	34
18	15	2427	377	19
18	16	3792	230	10
18	17	4939	107	11
18	18	3797	27	7
19	0	59426	85962	326693
19	1	5444	7928	33001
19	2	508	837	4082
19	3	195	453	1762
19	4	131	452	1269
19	5	128	386	996
19	6	96	391	807
19	7	99	438	561
19	8	107	412	449
19	9	140	435	347
19	10	133	457	255
19	11	177	433	201
19	12	252	431	116
19	13	409	424	93
19	14	682	387	46
19	15	1179	314	23
19	16	1933	229	13
19	17	2788	164	5
19	18	3463	80	3
19	19	2722	11	3
20	0	44571	64840	243872
20	1	4292	6405	25516
20	2	417	708	3371
20	3	160	351	1416
20	4	130	303	1031
20	5	95	249	795
20	6	70	276	649
20	7	82	302	458
20	8	66	285	377
20	9	80	349	283
20	10	104	298	211
20	11	128	324	170
20	12	161	326	122
20	13	211	328	88
20	14	361	300	56
20	15	524	259	35
20	16	868	221	11
20	17	1462	171	11
20	18	2091	93	4
20	19	2536	51	4
20	20	1740	11	1
21	0	32790	48275	179137
21	1	3349	4903	19850
21	2	320	544	2624
21	3	114	236	1122
21	4	85	211	732
21	5	75	218	584
21	6	46	208	472
21	7	61	208	377
21	8	60	216	315
21	9	56	254	247
21	10	76	233	198
21	11	78	245	129
21	12	101	257	87
21	13	132	246	82
21	14	178	251	37
21	15	274	235	27
21	16	410	203	12
21	17	644	138	11
21	18	1038	100	4
21	19	1513	65	4
21	20	1755	23	0
21	21	1149	9	1
22	0	23628	35193	130111
22	1	2556	3774	14800
22	2	246	398	1956
22	3	82	200	886
22	4	50	175	614
22	5	49	146	466
22	6	49	158	392
22	7	31	151	292
22	8	40	139	243
22	9	52	170	203
22	10	37	192	145
22	11	40	183	139
22	12	55	186	89
22	13	69	203	63
22	14	94	193	41
22	15	139	211	28
22	16	225	172	23
22	17	327	139	11
22	18	511	111	7
22	19	745	75	4
22	20	1122	43	1
22	21	1188	20	1
22	22	753	11	0
23	0	17104	25414	93070
23	1	1793	2716	11113
23	2	182	284	1595
23	3	65	125	687
23	4	37	126	467
23	5	28	129	362
23	6	24	120	297
23	7	36	111	248
23	8	26	123	187
23	9	40	116	144
23	10	31	127	146
23	11	32	113	94
23	12	37	146	61
23	13	51	126	60
23	14	56	120	54
23	15	89	140	35
23	16	126	120	22
23	17	164	112	12
23	18	264	104	5
23	19	406	76	8
23	20	581	45	1
23	21	747	33	0
23	22	793	10	0
23	23	519	4	0
24	0	11931	17837	65240
24	1	1301	2070	8222
24	2	133	233	1150
24	3	49	104	555
24	4	36	95	368
24	5	24	87	250
24	6	21	88	245
24	7	23	99	190
24	8	29	105	157
24	9	29	102	150
24	10	28	87	113
24	11	36	114	81
24	12	31	91	49
24	13	21	108	57
24	14	38	98	50
24	15	47	98	23
24	16	59	105	18
24	17	99	102	11
24	18	132	83	9
24	19	198	83	5
24	20	314	41	3
24	21	424	29	1
24	22	534	17	1
24	23	553	6	0
24	24	343	6	2
25	0	8154	12471	45217
25	1	981	1504	5939
25	2	86	160	965
25	3	33	87	431
25	4	30	71	267
25	5	27	68	231
25	6	18	64	162
25	7	17	65	153
25	8	17	77	124
25	9	22	71	104
25	10	27	75	81
25	11	16	77	68
25	12	28	71	57
25	13	30	68	37
25	14	21	79	29
25	15	36	87	18
25	16	37	68	30
25	17	52	63	6
25	18	71	45	3
25	19	108	46	1
25	20	144	58	4
25	21	241	54	2
25	22	299	23	2
25	23	395	11	1
25	24	354	6	1
25	25	193	2	0
26	0	5632	8569	31856
26	1	675	1036	4347
26	2	71	134	765
26	3	26	58	330
26	4	19	49	246
26	5	8	56	167
26	6	13	47	136
26	7	12	51	121
26	8	10	47	79
26	9	16	49	93
26	10	14	48	64
26	11	18	44	48
26	12	13	68	51
26	13	27	62	38
26	14	13	70	27
26	15	16	51	22
26	16	22	70	14
26	17	32	56	10
26	18	43	74	9
26	19	70	54	3
26	20	81	37	4
26	21	104	43	0
26	22	178	32	1
26	23	241	17	1
26	24	250	11	0
26	25	251	0	2
26	26	137	2	1
27	0	3677	5826	21667
27	1	490	736	3172
27	2	65	95	570
27	3	12	38	292
27	4	12	31	185
27	5	9	40	121
27	6	12	41	125
27	7	12	37	97
27	8	8	31	90
27	9	21	54	68
27	10	5	47	55
27	11	6	49	53
27	12	9	47	36
27	13	13	63	23
27	14	16	46	25
27	15	17	56	23
27	16	12	36	13
27	17	26	36	12
27	18	30	51	7
27	19	19	36	8
27	20	55	53	1
27	21	65	37	2
27	22	97	24	3
27	23	120	22	2
27	24	150	11	0
27	25	179	6	0
27	26	200	1	1
27	27	89	0	0
28	0	2447	4001	14777
28	1	348	554	2340
28	2	36	69	467
28	3	23	30	227
28	4	7	29	145
28	5	15	32	112
28	6	7	30	107
28	7	7	36	81
28	8	7	40	78
28	9	8	32	52
28	10	10	30	49
28	11	6	41	49
28	12	13	36	26
28	13	10	41	20
28	14	9	32	24
28	15	11	41	21
28	16	13	45	14
28	17	7	33	8
28	18	18	28	7
28	19	13	42	4
28	20	28	26	5
28	21	48	28	1
28	22	56	29	1
28	23	78	18	0
28	24	94	14	0
28	25	124	6	0
28	26	130	2	0
28	27	95	4	0
28	28	64	1	1
29	0	1653	2654	10016
29	1	202	366	1792
29	2	35	48	376
29	3	9	24	159
29	4	2	24	130
29	5	4	19	89
29	6	4	23	65
29	7	11	22	67
29	8	2	20	76
29	9	6	35	60
29	10	6	29	36
29	11	4	37	39
29	12	7	28	28
29	13	6	22	28
29	14	9	34	19
29	15	8	25	17
29	16	11	23	10
29	17	13	29	10
29	18	12	25	5
29	19	16	28	2
29	20	19	32	4
29	21	21	22	2
29	22	26	29	0
29	23	40	26	0
29	24	72	13	0
29	25	72	15	1
29	26	103	8	0
29	27	116	7	1
29	28	75	1	0
29	29	32	0	0
30	0	1134	1764	6874
30	1	173	290	1292
30	2	19	49	300
30	3	4	27	152
30	4	8	22	112
30	5	6	22	85
30	6	6	22	81
30	7	3	18	56
30	8	3	22	54
30	9	3	28	45
30	10	7	22	44
30	11	5	22	45
30	12	4	22	26
30	13	11	11	27
30	14	9	17	25
30	15	4	13	22
30	16	8	17	14
30	17	4	21	6
30	18	8	34	6
30	19	10	30	7
30	20	13	24	3
30	21	13	21	1
30	22	19	30	2
30	23	30	21	1
30	24	42	14	0
30	25	55	14	1
30	26	73	6	0
30	27	61	8	0
30	28	66	1	0
30	29	54	0	0
30	30	34	0	0
31	0	736	1196	4857
31	1	108	175	955
31	2	21	28	275
31	3	6	23	121
31	4	7	19	96
31	5	2	17	77
31	6	3	18	50
31	7	3	13	47
31	8	3	20	56
31	9	6	15	39
31	10	1	21	33
31	11	4	16	27
31	12	2	20	23
31	13	9	16	19
31	14	8	20	15
31	15	8	21	9
31	16	5	20	6
31	17	5	22	13
31	18	8	16	12
31	19	12	32	7
31	20	5	21	4
31	21	10	18	3
31	22	14	13	1
31	23	15	10	0
31	24	21	9	1
31	25	41	13	1
31	26	50	10	0
31	27	47	9	0
31	28	52	2	1
31	29	50	2	0
31	30	31	1	0
31	31	11	1	0
32	0	484	795	3309
32	1	75	131	740
32	2	15	26	191
32	3	3	15	101
32	4	6	14	96
32	5	3	12	69
32	6	3	17	50
32	7	7	8	49
32	8	3	9	35
32	9	2	7	39
32	10	6	22	32
32	11	2	19	22
32	12	8	14	21
32	13	4	20	15
32	14	3	10	14
32	15	5	20	8
32	16	4	19	9
32	17	6	25	5
32	18	5	12	4
32	19	5	10	7
32	20	9	13	4
32	21	6	17	2
32	22	7	18	5
32	23	19	14	0
32	24	11	6	0
32	25	22	9	0
32	26	25	4	0
32	27	36	11	1
32	28	47	2	0
32	29	60	6	0
32	30	34	2	1
32	31	37	1	0
32	32	13	1	0
33	0	281	510	2412
33	1	47	86	591
33	2	5	19	186
33	3	0	11	107
33	4	0	22	66
33	5	3	17	66
33	6	2	6	47
33	7	4	13	45
33	8	3	17	39
33	9	6	16	40
33	10	8	10	24
33	11	6	12	35
33	12	4	15	25
33	13	3	20	18
33	14	4	17	11
33	15	3	12	10
33	16	5	18	5
33	17	3	18	9
33	18	4	12	5
33	19	4	14	8
33	20	6	15	9
33	21	4	13	3
33	22	7	13	2
33	23	10	19	2
33	24	11	10	2
33	25	11	17	1
33	26	15	9	0
33	27	23	9	0
33	28	29	5	0
33	29	41	5	0
33	30	51	4	0
33	31	33	3	0
33	32	26	1	0
33	33	11	0	0
34	0	227	367	1791
34	1	34	65	447
34	2	7	23	183
34	3	2	13	88
34	4	1	9	69
34	5	4	16	66
34	6	2	12	44
34	7	0	6	44
34	8	1	12	30
34	9	7	7	26
34	10	3	10	21
34	11	4	11	21
34	12	6	11	13
34	13	2	12	11
34	14	6	9	12
34	15	8	7	15
34	16	2	11	14
34	17	4	13	6
34	18	3	10	2
34	19	6	14	9
34	20	2	9	6
34	21	5	8	2
34	22	2	9	0
34	23	4	13	2
34	24	6	14	1
34	25	7	9	1
34	26	9	11	0
34	27	24	7	0
34	28	18	6	0
34	29	19	1	0
34	30	27	3	0
34	31	32	0	0
34	32	29	1	0
34	33	19	0	0
34	34	16	0	1
35	0	166	234	1285
35	1	28	41	386
35	2	4	12	147
35	3	1	14	90
35	4	2	12	53
35	5	1	13	49
35	6	3	6	29
35	7	1	12	28
35	8	3	3	36
35	9	2	12	24
35	10	1	11	18
35	11	3	6	13
35	12	3	9	16
35	13	3	10	14
35	14	3	8	10
35	15	7	7	11
35	16	3	13	10
35	17	0	6	4
35	18	2	7	7
35	19	2	8	4
35	20	1	9	7
35	21	0	10	1
35	22	3	12	4
35	23	4	7	0
35	24	7	8	2
35	25	6	8	1
35	26	8	8	1
35	27	12	8	1
35	28	12	5	0
35	29	22	4	1
35	30	26	2	0
35	31	27	1	0
35	32	38	0	0
35	33	26	0	0
35	34	15	1	0
35	35	9	0	0
36	0	112	186	1129
36	1	24	28	337
36	2	4	8	142
36	3	5	4	68
36	4	1	4	39
36	5	2	5	41
36	6	0	3	31
36	7	1	5	24
36	8	1	8	27
36	9	3	6	15
36	10	0	6	17
36	11	0	6	15
36	12	3	3	10
36	13	5	6	18
36	14	1	5	3
36	15	1	10	9
36	16	5	11	7
36	17	4	11	2
36	18	1	9	9
36	19	4	10	10
36	20	4	11	3
36	21	2	5	2
36	22	3	8	2
36	23	3	6	4
36	24	1	4	0
36	25	4	11	2
36	26	5	13	1
36	27	5	3	0
36	28	9	7	0
36	29	8	2	0
36	30	17	5	1
36	31	20	2	0
36	32	26	2	0
36	33	28	1	0
36	34	24	1	0
36	35	10	0	0
36	36	7	0	0
37	0	95	135	845
37	1	17	27	263
37	2	3	7	110
37	3	3	6	59
37	4	0	5	46
37	5	0	10	28
37	6	1	4	31
37	7	3	9	14
37	8	1	4	33
37	9	0	8	15
37	10	1	3	11
37	11	2	8	10
37	12	3	7	9
37	13	1	6	8
37	14	4	11	7
37	15	2	6	8
37	16	0	4	5
37	17	3	10	8
37	18	2	8	5
37	19	0	7	7
37	20	2	7	2
37	21	1	7	3
37	22	2	8	0
37	23	0	8	2
37	24	1	7	0
37	25	5	8	0
37	26	5	7	0
37	27	7	7	0
37	28	6	5	0
37	29	11	4	0
37	30	11	4	0
37	31	14	2	0
37	32	19	2	0
37	33	20	0	0
37	34	21	0	0
37	35	18	1	0
37	36	6	0	0
37	37	2	0	0
38	0	92	105	694
38	1	11	22	265
38	2	3	8	94
38	3	3	4	59
38	4	1	4	41
38	5	0	5	31
38	6	1	7	22
38	7	0	3	25
38	8	2	8	14
38	9	0	5	18
38	10	1	4	10
38	11	0	8	15
38	12	3	12	9
38	13	0	1	7
38	14	0	8	7
38	15	1	7	9
38	16	5	6	7
38	17	2	7	1
38	18	2	6	2
38	19	3	10	4
38	20	1	2	2
38	21	1	3	0
38	22	0	8	3
38	23	0	6	1
38	24	1	2	0
38	25	5	2	0
38	26	3	5	0
38	27	5	4	1
38	28	4	3	0
38	29	6	4	0
38	30	8	1	0
38	31	11	4	1
38	32	13	2	0
38	33	18	1	0
38	34	14	2	0
38	35	14	0	0
38	36	9	0	0
38	37	6	0	0
38	38	5	0	0
39	0	71	81	571
39	1	13	9	194
39	2	1	9	85
39	3	2	1	58
39	4	0	2	35
39	5	1	5	21
39	6	1	2	19
39	7	1	7	20
39	8	2	6	12
39	9	0	3	15
39	10	1	4	7
39	11	1	5	9
39	12	1	5	15
39	13	3	6	5
39	14	1	3	7
39	15	1	7	7
39	16	2	4	4
39	17	1	6	5
39	18	1	8	2
39	19	2	4	0
39	20	2	5	5
39	21	0	5	3
39	22	0	8	1
39	23	0	7	0
39	24	0	5	2
39	25	0	6	0
39	26	2	5	0
39	27	6	4	1
39	28	1	3	2
39	29	4	7	0
39	30	8	6	0
39	31	7	1	0
39	32	10	0	0
39	33	14	0	0
39	34	9	3	0
39	35	8	0	0
39	36	12	1	0
39	37	13	2	0
39	38	8	0	0
39	39	1	1	0
40	0	66	67	519
40	1	7	12	187
40	2	2	4	91
40	3	0	4	58
40	4	1	3	43
40	5	0	6	33
40	6	1	5	26
40	7	2	1	12
40	8	2	1	9
40	9	0	2	13
40	10	0	5	10
40	11	1	5	7
40	12	0	5	6
40	13	0	5	12
40	14	1	4	5
40	15	1	6	6
40	16	1	5	9
40	17	1	6	3
40	18	0	6	3
40	19	1	5	3
40	20	0	6	1
40	21	1	5	4
40	22	1	6	1
40	23	2	5	0
40	24	2	3	1
40	25	3	3	2
40	26	0	4	2
40	27	3	6	0
40	28	2	1	0
40	29	3	4	0
40	30	4	5	0
40	31	5	0	0
40	32	8	3	0
40	33	7	0	0
40	34	12	0	0
40	35	10	1	0
40	36	16	1	0
40	37	12	0	0
40	38	6	0	0
40	39	8	0	0
40	40	2	1	0
41	0	57	60	414
41	1	8	12	183
41	2	4	3	60
41	3	2	1	44
41	4	0	3	36
41	5	1	4	32
41	6	0	8	24
41	7	1	4	17
41	8	0	3	18
41	9	0	1	8
41	10	0	2	14
41	11	0	4	6
41	12	4	4	11
41	13	2	5	6
41	14	4	2	4
41	15	1	1	6
41	16	1	4	4
41	17	2	3	7
41	18	1	3	4
41	19	2	5	4
41	20	1	2	4
41	21	1	2	0
41	22	0	3	0
41	23	0	2	2
41	24	0	3	2
41	25	2	5	0
41	26	2	2	1
41	27	1	2	0
41	28	4	5	2
41	29	4	6	0
41	30	3	3	1
41	31	4	2	0
41	32	9	4	0
41	33	7	6	1
41	34	2	2	0
41	35	8	1	0
41	36	14	1	0
41	37	11	0	0
41	38	8	0	0
41	39	10	0	0
41	40	4	0	0
41	41	4	0	0
42	0	34	43	380
42	1	11	8	151
42	2	1	2	69
42	3	1	6	28
42	4	0	2	25
42	5	2	6	21
42	6	1	1	22
42	7	0	2	19
42	8	0	2	13
42	9	1	3	11
42	10	1	6	8
42	11	0	3	13
42	12	3	4	11
42	13	1	4	10
42	14	1	5	3
42	15	2	4	3
42	16	0	2	6
42	17	0	1	6
42	18	1	5	9
42	19	2	4	2
42	20	0	1	2
42	21	0	1	2
42	22	2	1	3
42	23	1	5	0
42	24	1	2	1
42	25	2	1	1
42	26	0	3	0
42	27	1	4	0
42	28	1	1	0
42	29	1	3	0
42	30	1	3	0
42	31	5	4	0
42	32	5	3	0
42	33	4	2	0
42	34	4	2	0
42	35	8	1	0
42	36	5	1	0
42	37	13	3	0
42	38	18	1	0
42	39	12	0	0
42	40	9	0	0
42	41	2	0	0
43	0	33	49	361
43	1	11	6	151
43	2	5	2	63
43	3	0	3	39
43	4	1	0	14
43	5	0	2	17
43	6	0	3	20
43	7	1	1	7
43	8	0	4	11
43	9	1	1	10
43	10	0	3	10
43	11	1	2	3
43	12	1	0	7
43	13	2	2	6
43	14	1	2	5
43	15	1	3	11
43	16	0	1	4
43	17	3	1	5
43	18	1	1	6
43	19	1	0	4
43	20	0	2	6
43	21	0	2	4
43	22	2	2	4
43	23	1	0	3
43	24	0	2	1
43	25	1	5	0
43	26	1	4	1
43	27	1	3	1
43	28	1	1	0
43	29	1	1	0
43	30	3	3	0
43	31	4	0	0
43	32	3	2	0
43	33	4	3	0
43	34	6	2	0
43	35	4	1	0
43	36	9	0	0
43	37	5	0	0
43	38	9	1	0
43	39	7	0	0
43	40	10	1	0
43	41	5	0	0
43	42	6	0	0
43	43	2	0	0
44	0	31	27	273
44	1	4	10	126
44	2	2	1	61
44	3	1	3	40
44	4	0	1	31
44	5	0	6	20
44	6	0	1	23
44	7	0	4	7
44	8	0	2	15
44	9	1	3	15
44	10	0	4	8
44	11	0	4	4
44	12	0	4	14
44	13	2	1	4
44	14	0	1	7
44	15	0	4	3
44	16	1	8	6
44	17	0	3	2
44	18	1	3	1
44	19	1	0	3
44	20	1	2	2
44	21	1	3	4
44	22	1	1	2
44	23	2	2	0
44	24	1	4	2
44	25	1	2	2
44	26	2	2	1
44	27	3	6	0
44	28	1	5	0
44	29	0	1	0
44	30	3	3	0
44	31	3	1	1
44	32	1	3	0
44	34	2	1	0
44	35	5	3	0
44	36	8	1	0
44	37	11	0	0
44	38	6	1	0
44	39	9	1	0
44	40	4	0	0
44	41	7	0	0
44	42	5	0	0
44	43	5	0	0
44	44	2	0	0
45	0	25	21	247
45	1	4	4	85
45	2	0	2	50
45	3	0	2	28
45	4	0	2	24
45	5	0	4	7
45	6	0	4	14
45	7	0	5	8
45	8	0	2	14
45	9	0	5	11
45	10	1	4	7
45	11	1	1	4
45	12	3	5	5
45	13	0	3	2
45	14	1	1	3
45	15	0	1	2
45	16	2	2	6
45	17	1	1	3
45	18	0	1	3
45	19	0	2	2
45	20	0	7	3
45	21	0	1	5
45	22	1	3	2
45	23	0	3	0
45	24	0	3	0
45	25	0	2	1
45	26	0	0	1
45	27	1	2	1
45	28	0	4	0
45	29	3	1	0
45	30	0	2	1
45	31	1	1	0
45	32	3	1	0
45	33	0	1	0
45	34	4	1	0
45	35	4	2	0
45	36	4	0	1
45	37	2	2	0
45	38	6	0	0
45	39	6	0	0
45	40	5	0	0
45	41	7	0	0
45	42	8	0	0
45	43	3	0	0
45	44	1	0	0
45	45	1	0	0
46	0	31	21	222
46	1	5	5	97
46	2	1	2	49
46	3	0	1	30
46	4	2	1	13
46	5	0	4	21
46	6	0	1	10
46	7	1	0	10
46	8	0	2	11
46	9	0	3	8
46	10	0	3	7
46	11	0	2	2
46	12	0	0	4
46	13	0	0	5
46	14	1	1	4
46	15	0	1	3
46	16	0	1	6
46	17	0	3	2
46	18	1	2	4
46	19	0	1	1
46	20	0	3	4
46	21	0	1	0
46	22	0	2	3
46	23	2	2	0
46	24	2	5	0
46	25	0	2	0
46	26	0	3	0
46	27	1	1	1
46	28	0	1	0
46	29	0	3	0
46	30	2	0	0
46	31	0	4	0
46	32	4	3	0
46	33	3	3	0
46	34	0	1	0
46	35	3	2	0
46	36	2	2	0
46	37	2	1	0
46	38	13	3	0
46	39	6	2	0
46	40	9	0	0
46	41	9	0	0
46	42	10	0	1
46	43	8	1	0
46	44	4	0	0
46	45	5	0	0
47	0	28	29	221
47	1	5	7	85
47	2	3	1	29
47	3	0	1	33
47	4	0	3	18
47	5	0	4	12
47	6	0	0	6
47	7	0	3	11
47	8	0	2	8
47	9	0	4	5
47	10	1	3	6
47	11	0	1	1
47	12	0	3	7
47	13	0	3	4
47	14	2	0	8
47	15	0	3	7
47	16	0	3	4
47	17	1	1	1
47	18	1	5	3
47	19	0	0	1
47	20	0	3	1
47	21	1	2	1
47	22	0	2	0
47	23	1	5	0
47	24	0	3	1
47	25	0	3	1
47	26	0	2	0
47	27	0	2	1
47	28	1	3	0
47	29	3	2	1
47	30	0	1	0
47	32	0	1	0
47	33	2	2	0
47	34	0	1	0
47	35	2	2	0
47	36	3	1	0
47	37	2	3	0
47	38	3	3	0
47	39	7	1	0
47	40	6	1	0
47	41	5	1	0
47	42	4	0	0
47	43	8	0	0
47	44	4	0	0
47	45	1	0	0
47	46	2	0	0
47	47	2	0	0
48	0	16	23	229
48	1	4	7	99
48	2	1	4	53
48	3	1	3	27
48	4	0	2	15
48	5	0	3	13
48	6	0	1	12
48	7	0	0	18
48	8	0	1	9
48	9	0	1	7
48	10	0	4	2
48	11	0	0	5
48	12	2	2	7
48	13	1	6	4
48	14	0	1	4
48	15	0	1	5
48	16	0	2	3
48	17	1	1	2
48	18	1	2	2
48	19	0	0	3
48	20	1	3	1
48	21	0	0	3
48	22	0	3	2
48	23	0	2	1
48	24	1	1	0
48	25	1	0	0
48	26	1	2	3
48	27	0	1	1
48	28	2	1	1
48	29	0	2	0
48	30	0	2	0
48	31	1	1	0
48	32	0	3	0
48	33	2	1	0
48	34	1	1	0
48	35	1	1	0
48	36	3	2	0
48	37	2	3	0
48	38	3	0	0
48	39	2	0	0
48	40	0	3	0
48	41	4	0	0
48	42	8	1	0
48	43	2	0	0
48	44	8	0	0
48	45	3	0	0
48	46	4	0	0
48	48	1	0	0
49	0	15	22	182
49	1	11	5	74
49	2	0	1	47
49	3	0	1	23
49	4	0	2	21
49	5	0	1	6
49	6	1	4	11
49	7	0	0	4
49	8	0	2	6
49	9	0	0	5
49	10	0	1	6
49	11	0	2	7
49	12	0	3	4
49	13	0	0	5
49	14	0	0	4
49	15	0	1	4
49	16	0	2	3
49	17	0	2	1
49	18	1	3	3
49	19	3	1	3
49	20	1	3	1
49	21	0	4	0
49	22	1	0	1
49	23	2	3	1
49	24	2	1	3
49	25	0	3	1
49	26	1	1	1
49	27	1	1	0
49	29	0	5	0
49	30	1	1	0
49	31	0	2	0
49	32	1	2	0
49	33	1	2	0
49	34	0	1	1
49	35	0	1	0
49	36	4	1	0
49	37	1	1	0
49	38	1	1	0
49	40	6	1	0
49	41	5	2	0
49	42	2	0	0
49	43	7	0	0
49	44	6	0	0
49	45	2	0	0
49	46	7	0	0
49	47	1	0	0
49	48	2	0	0
50	0	22	15	177
50	1	2	3	66
50	2	0	3	46
50	3	0	1	26
50	4	0	2	16
50	5	1	0	11
50	6	0	1	11
50	7	0	1	11
50	8	0	1	5
50	9	0	1	4
50	10	1	0	6
50	11	0	2	4
50	12	1	5	6
50	13	1	2	1
50	14	0	1	2
50	15	1	2	3
50	16	1	2	0
50	17	0	1	2
50	18	0	2	1
50	19	0	2	3
50	20	1	0	3
50	21	1	1	2
50	22	1	0	0
50	23	0	4	3
50	24	1	2	0
50	25	0	3	0
50	26	0	0	2
50	27	0	1	2
50	28	0	2	0
50	29	0	2	1
50	30	0	2	1
50	31	2	1	0
50	32	0	0	1
50	33	1	0	0
50	34	0	4	0
50	35	0	1	0
50	36	1	1	0
50	37	0	1	0
50	38	2	0	0
50	39	2	0	0
50	40	2	2	0
50	41	4	0	0
50	42	2	0	0
50	43	6	1	0
50	44	2	0	0
50	45	4	0	0
50	46	3	0	0
50	47	4	1	0
50	48	2	0	0
50	49	3	0	0
50	50	1	0	0
51	0	28	12	166
51	1	6	3	72
51	2	0	0	33
51	3	1	0	9
51	4	0	3	21
51	5	0	1	14
51	6	0	1	12
51	7	0	4	7
51	8	0	0	10
51	9	0	2	11
51	10	0	1	7
51	11	0	1	5
51	12	0	0	3
51	13	1	0	2
51	14	3	1	3
51	15	1	1	6
51	16	0	0	2
51	17	1	1	1
51	18	1	0	2
51	19	0	0	2
51	20	2	0	2
51	21	0	1	1
51	22	1	1	3
51	23	0	2	1
51	24	0	1	0
51	25	0	5	1
51	26	0	4	1
51	27	0	1	2
51	28	0	1	0
51	29	1	0	1
51	30	0	3	0
51	31	0	3	1
51	32	0	2	0
51	33	0	1	1
51	35	1	0	1
51	36	3	3	0
51	37	1	0	0
51	38	1	0	0
51	39	2	1	0
51	40	2	2	0
51	41	4	1	0
51	42	2	3	0
51	43	4	0	0
51	44	4	3	0
51	45	8	0	0
51	46	4	0	0
51	47	4	0	0
51	48	3	0	0
51	49	5	0	0
51	50	1	0	0
51	51	1	0	0
52	0	16	18	132
52	1	6	1	79
52	2	1	2	30
52	3	0	0	28
52	4	1	1	12
52	5	0	0	12
52	6	0	0	7
52	7	1	0	2
52	8	1	0	7
52	9	0	2	6
52	10	0	2	3
52	11	0	0	6
52	12	0	3	1
52	13	0	0	3
52	14	0	0	1
52	15	1	1	2
52	16	1	1	1
52	17	1	2	1
52	18	1	1	3
52	19	0	1	0
52	20	1	1	6
52	21	0	0	2
52	22	0	0	2
52	23	0	1	2
52	24	0	2	1
52	25	2	0	1
52	26	1	1	0
52	27	1	3	2
52	29	0	2	0
52	30	1	0	0
52	32	1	3	0
52	33	1	2	1
52	34	1	1	0
52	35	0	2	0
52	36	1	0	0
52	37	2	1	1
52	38	2	0	0
52	39	1	0	0
52	40	4	1	0
52	41	5	1	0
52	42	2	2	0
52	43	4	1	0
52	44	4	0	0
52	46	4	0	0
52	47	7	0	0
52	49	4	0	0
52	50	3	0	0
52	51	1	0	0
53	0	19	18	128
53	1	5	4	57
53	2	0	0	35
53	3	0	0	32
53	4	0	1	11
53	5	0	1	9
53	6	1	0	7
53	7	0	2	7
53	8	0	0	8
53	9	0	3	10
53	10	1	0	5
53	11	0	3	3
53	12	1	1	3
53	13	0	2	1
53	14	1	0	3
53	15	0	1	4
53	16	0	2	4
53	17	0	0	4
53	18	0	1	2
53	19	0	2	2
53	20	1	0	8
53	21	1	1	5
53	22	1	2	2
53	23	1	1	1
53	24	1	0	0
53	25	1	3	2
53	26	1	0	0
53	27	0	1	1
53	28	0	0	4
53	29	0	3	1
53	30	0	1	0
53	31	1	2	0
53	32	0	3	0
53	33	1	0	0
53	34	0	3	0
53	35	0	2	0
53	36	0	3	0
53	37	1	2	0
53	38	1	1	0
53	39	3	2	1
53	40	2	0	1
53	41	1	0	0
53	42	4	0	0
53	43	4	0	0
53	44	1	0	0
53	45	2	0	0
53	46	1	3	0
53	47	4	0	0
53	48	3	0	0
53	49	3	0	0
53	50	5	0	0
53	51	4	0	0
53	52	2	0	0
53	53	1	0	0
54	0	14	13	128
54	1	4	5	56
54	2	1	1	27
54	3	0	0	18
54	4	0	4	12
54	5	0	0	7
54	6	0	1	9
54	7	0	0	6
54	8	0	1	7
54	9	0	3	4
54	10	0	1	4
54	11	0	3	4
54	12	0	1	5
54	13	0	1	2
54	14	0	1	3
54	15	0	2	2
54	16	0	1	3
54	17	0	1	3
54	18	0	1	2
54	19	0	0	2
54	20	0	0	1
54	21	0	1	1
54	22	0	1	1
54	23	1	2	1
54	24	0	1	1
54	25	2	0	1
54	26	0	1	0
54	27	1	1	1
54	28	0	4	0
54	29	1	1	2
54	30	0	2	0
54	31	0	2	0
54	32	1	2	0
54	33	2	2	0
54	34	1	0	0
54	35	0	2	0
54	36	1	0	0
54	38	4	1	0
54	39	1	0	0
54	40	1	2	0
54	42	2	0	0
54	43	2	2	0
54	44	2	0	0
54	45	1	1	0
54	46	2	0	0
54	47	3	0	0
54	48	4	0	0
54	50	4	0	1
54	51	1	0	0
54	52	2	0	0
55	0	14	22	120
55	1	4	7	68
55	2	0	3	32
55	3	0	2	22
55	4	0	1	11
55	5	0	1	14
55	6	0	0	7
55	7	0	1	3
55	8	0	0	8
55	9	0	0	6
55	10	1	0	6
55	11	0	0	4
55	12	1	0	5
55	13	0	1	6
55	14	1	0	2
55	15	0	1	3
55	16	0	3	4
55	17	0	0	2
55	18	0	1	1
55	19	0	0	2
55	20	0	1	1
55	21	0	1	1
55	22	0	0	4
55	23	0	1	1
55	24	0	1	1
55	25	0	2	2
55	26	0	3	0
55	27	0	0	1
55	28	0	0	1
55	29	0	1	0
55	30	2	2	1
55	31	0	2	0
55	33	0	1	1
55	35	0	1	0
55	36	0	1	0
55	37	0	1	0
55	38	1	0	0
55	39	2	0	0
55	40	1	1	0
55	41	1	1	1
55	42	1	0	0
55	44	0	1	0
55	45	2	1	0
55	46	1	0	0
55	47	4	0	0
55	48	1	0	0
55	49	7	0	0
55	50	5	0	0
55	51	2	0	0
55	52	3	0	0
55	53	1	0	0
55	54	3	0	0
56	0	16	12	104
56	1	4	6	49
56	2	1	1	24
56	3	0	0	20
56	4	0	0	11
56	5	0	2	11
56	6	0	0	7
56	7	1	0	8
56	8	1	1	5
56	9	0	0	4
56	10	0	1	4
56	11	1	0	2
56	12	0	3	5
56	13	1	0	9
56	14	1	1	1
56	15	0	0	1
56	16	0	1	0
56	17	0	1	3
56	18	0	0	2
56	19	0	1	3
56	20	1	1	0
56	21	1	0	1
56	22	0	0	2
56	23	0	2	0
56	24	0	2	3
56	25	0	1	2
56	26	0	1	2
56	27	0	1	2
56	28	0	1	0
56	29	0	3	1
56	30	1	0	1
56	32	0	1	1
56	33	0	2	1
56	34	1	3	0
56	36	1	1	0
56	37	0	2	0
56	38	1	1	1
56	39	0	1	0
56	40	2	0	0
56	41	1	1	0
56	42	1	1	0
56	44	0	2	0
56	45	5	0	0
56	47	1	0	0
56	48	2	1	0
56	49	4	0	0
56	50	2	0	0
56	51	1	0	0
56	52	2	0	0
56	53	1	0	0
56	54	3	0	0
56	55	2	0	0
57	0	16	12	123
57	1	2	2	70
57	2	0	0	22
57	3	0	0	21
57	4	0	0	9
57	5	0	1	4
57	6	1	2	5
57	7	0	1	6
57	8	0	0	2
57	9	0	1	4
57	10	0	0	3
57	11	0	0	2
57	12	0	0	1
57	13	0	2	1
57	14	0	0	4
57	15	0	0	4
57	16	0	0	3
57	17	0	0	3
57	18	0	1	1
57	19	0	0	2
57	20	0	0	2
57	21	1	1	0
57	22	0	0	2
57	23	1	0	1
57	24	0	2	2
57	25	0	2	1
57	26	2	1	2
57	27	0	0	1
57	28	0	0	1
57	29	0	3	0
57	30	1	1	2
57	32	1	1	0
57	33	1	0	0
57	34	0	2	0
57	35	1	1	0
57	36	0	2	0
57	37	0	1	1
57	38	1	2	0
57	39	1	1	0
57	40	1	2	0
57	42	1	1	0
57	44	1	0	0
57	45	3	0	0
57	46	3	0	0
57	47	2	2	0
57	48	4	1	0
57	50	2	1	0
57	51	6	0	0
57	52	2	0	0
57	53	4	0	0
57	54	2	0	0
57	55	2	0	0
57	56	1	0	0
58	0	10	18	79
58	1	2	3	60
58	2	0	0	40
58	3	0	0	16
58	4	0	0	5
58	5	0	0	7
58	6	0	0	5
58	7	0	2	9
58	8	0	0	10
58	9	0	0	3
58	10	0	2	5
58	11	0	0	3
58	12	0	1	5
58	13	0	1	2
58	14	0	2	1
58	15	0	0	3
58	16	0	0	2
58	17	0	1	4
58	18	0	1	0
58	19	0	0	2
58	20	0	0	2
58	21	0	0	1
58	22	0	1	6
58	23	0	1	1
58	24	1	3	1
58	25	0	0	2
58	26	0	1	0
58	29	1	1	0
58	30	0	1	2
58	31	0	0	1
58	32	0	1	0
58	33	2	2	0
58	34	0	0	1
58	36	0	1	0
58	38	0	1	0
58	39	1	0	0
58	40	0	1	0
58	42	0	1	0
58	43	1	1	0
58	44	1	0	1
58	45	1	1	0
58	46	3	0	0
58	47	2	0	0
58	48	5	3	0
58	49	2	0	0
58	50	4	0	0
58	51	1	1	0
58	52	3	0	0
58	53	1	0	0
58	54	2	0	0
58	55	1	0	0
58	56	1	0	0
59	0	16	13	106
59	1	3	2	32
59	2	1	0	30
59	3	0	1	11
59	4	0	1	12
59	5	0	2	5
59	6	0	0	8
59	7	1	1	3
59	8	0	0	4
59	9	0	2	2
59	10	0	0	4
59	11	0	0	2
59	12	0	1	2
59	13	0	1	1
59	14	0	1	5
59	16	0	1	1
59	17	0	0	2
59	18	0	1	4
59	19	0	0	4
59	20	0	2	1
59	21	0	0	1
59	22	0	0	2
59	23	0	0	3
59	24	1	0	1
59	26	0	2	1
59	27	0	1	0
59	28	3	1	0
59	29	0	3	0
59	30	0	1	1
59	31	1	1	0
59	32	0	1	0
59	33	0	0	1
59	34	1	2	0
59	35	0	2	0
59	36	0	2	0
59	37	0	2	1
59	38	0	1	0
59	39	1	0	0
59	41	0	1	0
59	42	0	1	0
59	43	1	1	0
59	46	0	2	0
59	48	1	1	0
59	49	1	0	0
59	50	4	0	0
59	51	2	0	0
59	52	2	0	0
59	53	4	0	0
59	54	1	0	0
59	55	2	0	0
59	56	1	0	0
59	58	1	0	0
60	0	14	10	78
60	1	4	1	37
60	2	0	2	22
60	3	1	0	11
60	4	0	0	8
60	5	1	1	10
60	6	0	1	8
60	7	0	0	8
60	8	0	0	7
60	9	1	0	3
60	10	0	0	1
60	11	0	2	3
60	12	0	0	1
60	14	0	1	3
60	15	0	0	1
60	16	0	0	1
60	17	0	0	2
60	18	0	0	1
60	19	0	1	3
60	20	0	2	2
60	21	0	0	2
60	22	1	0	1
60	23	0	0	2
60	24	0	0	2
60	25	0	1	0
60	27	2	0	1
60	28	0	0	4
60	32	0	1	0
60	33	0	1	0
60	34	1	1	1
60	35	0	1	0
60	36	3	1	0
60	38	1	1	0
60	39	1	1	0
60	41	0	1	0
60	42	1	3	0
60	43	1	2	0
60	45	1	0	0
60	46	0	2	0
60	49	2	1	0
60	50	1	0	0
60	51	3	0	0
60	52	2	0	0
60	53	4	0	0
60	54	2	0	0
60	55	2	0	0
60	56	2	0	0
60	57	1	0	0
60	58	1	0	0
61	0	18	14	70
61	1	3	2	48
61	2	1	0	13
61	3	0	0	19
61	4	0	0	7
61	5	0	0	7
61	6	0	1	5
61	7	0	0	3
61	8	0	1	4
61	9	0	1	7
61	10	0	1	6
61	11	0	0	3
61	12	0	2	1
61	13	0	1	2
61	14	0	1	2
61	15	0	2	4
61	16	0	0	1
61	17	0	1	2
61	18	0	0	1
61	19	0	1	1
61	20	0	0	2
61	21	1	1	1
61	22	1	1	2
61	23	2	1	0
61	24	0	0	1
61	25	0	0	1
61	26	0	2	1
61	27	0	0	2
61	29	0	0	1
61	30	0	1	0
61	31	0	1	0
61	32	1	0	0
61	34	1	0	0
61	36	0	1	0
61	38	1	1	1
61	39	0	3	0
61	41	0	2	0
61	42	0	1	0
61	44	0	1	0
61	46	2	0	0
61	47	2	0	0
61	48	1	0	0
61	51	1	1	0
61	52	1	0	0
61	53	2	0	0
61	54	4	0	0
61	55	1	0	0
61	56	2	0	0
61	57	1	1	0
61	58	1	0	0
61	59	1	0	0
62	0	7	6	87
62	1	5	1	50
62	2	0	1	23
62	3	0	0	13
62	4	0	0	5
62	5	1	0	5
62	6	0	1	3
62	7	0	1	5
62	8	0	2	0
62	9	0	0	3
62	10	0	0	2
62	11	0	2	5
62	12	0	0	3
62	13	0	1	1
62	14	0	0	1
62	15	0	0	1
62	16	0	0	1
62	17	0	1	1
62	18	0	0	4
62	19	0	1	1
62	21	0	1	1
62	24	1	0	0
62	25	0	0	2
62	27	3	0	2
62	28	0	0	1
62	30	0	1	1
62	32	0	3	0
62	33	1	0	1
62	34	1	1	0
62	35	0	1	1
62	36	1	0	0
62	37	0	1	1
62	39	1	0	0
62	40	0	2	0
62	41	1	2	0
62	42	0	1	0
62	44	0	2	1
62	45	1	1	0
62	46	1	1	0
62	48	2	0	0
62	49	1	0	0
62	50	1	0	0
62	51	3	1	0
62	52	3	0	0
62	53	3	0	0
62	54	2	0	0
62	55	1	0	0
62	56	3	0	0
62	57	2	0	0
62	58	8	0	0
62	59	2	0	0
62	60	1	0	0
62	62	0	1	0
63	0	12	7	79
63	1	1	4	36
63	2	2	1	21
63	3	0	1	7
63	4	0	0	12
63	5	0	0	7
63	6	0	0	2
63	7	0	0	4
63	8	0	0	7
63	9	0	0	2
63	10	0	0	1
63	11	0	0	3
63	12	0	1	3
63	13	1	1	0
63	14	0	0	2
63	15	0	0	1
63	16	0	1	1
63	17	0	0	1
63	18	0	2	4
63	19	0	1	1
63	20	0	2	1
63	21	0	1	0
63	22	0	1	1
63	23	0	0	2
63	24	0	0	1
63	25	0	0	2
63	26	1	0	1
63	27	1	1	0
63	28	0	1	0
63	29	1	1	1
63	30	0	1	0
63	31	0	1	1
63	32	0	0	2
63	34	0	2	0
63	36	0	0	1
63	39	1	1	0
63	40	1	0	0
63	42	0	1	0
63	43	1	0	0
63	45	2	0	0
63	46	0	1	0
63	47	1	0	0
63	49	1	0	0
63	50	1	1	0
63	51	1	0	0
63	52	2	0	0
63	53	2	1	0
63	54	1	0	0
63	55	2	0	0
63	56	6	0	0
63	57	4	0	0
63	58	1	0	0
63	59	2	0	0
63	61	2	0	0
64	0	7	5	68
64	1	2	2	33
64	2	0	1	27
64	3	0	0	21
64	4	0	0	7
64	5	0	0	5
64	6	0	0	1
64	7	0	0	4
64	8	0	1	2
64	9	0	1	3
64	10	0	0	5
64	11	0	0	1
64	12	0	2	1
64	13	0	3	4
64	14	0	2	0
64	15	0	0	1
64	16	0	1	2
64	17	0	2	2
64	19	0	0	2
64	20	0	0	1
64	21	0	0	1
64	22	0	1	1
64	28	0	0	1
64	29	1	0	0
64	30	1	4	0
64	33	0	1	1
64	36	1	1	0
64	37	0	1	0
64	39	3	0	0
64	40	1	2	0
64	42	1	0	0
64	45	1	0	0
64	48	1	1	0
64	49	0	1	0
64	50	2	0	0
64	52	1	1	0
64	55	1	0	0
64	56	1	0	0
64	57	4	0	0
64	58	1	0	0
64	59	2	0	0
64	60	2	0	0
64	61	1	0	0
64	63	1	0	0
65	0	5	10	65
65	1	2	2	40
65	2	0	1	19
65	3	0	0	11
65	4	0	0	12
65	5	0	1	3
65	6	0	0	5
65	7	0	0	2
65	8	0	0	1
65	9	0	0	2
65	10	0	2	3
65	11	0	0	1
65	12	0	0	4
65	13	0	1	1
65	15	0	1	0
65	16	0	2	1
65	19	0	0	1
65	20	0	0	1
65	21	0	0	2
65	22	0	0	1
65	23	0	0	2
65	24	0	0	2
65	25	0	2	0
65	26	0	1	0
65	28	0	1	1
65	29	0	0	1
65	31	1	0	0
65	32	1	0	0
65	33	1	1	0
65	36	1	3	0
65	37	0	1	1
65	40	0	2	0
65	41	0	2	0
65	43	1	0	0
65	45	0	1	0
65	48	1	0	0
65	49	1	0	0
65	52	1	0	0
65	54	2	0	0
65	55	2	1	0
65	56	5	0	0
65	57	4	0	0
65	58	3	0	0
65	59	2	0	0
65	60	1	0	0
65	61	2	0	0
65	63	2	0	0
66	0	12	8	52
66	1	4	2	20
66	2	1	0	16
66	3	0	1	11
66	4	0	0	5
66	5	0	0	5
66	6	0	0	2
66	7	0	0	5
66	8	0	0	5
66	9	0	1	4
66	10	0	0	3
66	12	0	1	3
66	13	0	1	2
66	14	0	0	1
66	15	0	0	4
66	16	0	2	2
66	17	0	0	1
66	18	0	0	1
66	19	0	0	2
66	20	0	0	2
66	23	0	0	1
66	24	0	0	1
66	26	0	0	1
66	28	0	0	1
66	31	0	1	0
66	32	1	0	0
66	34	0	2	0
66	35	1	0	0
66	36	0	1	0
66	41	1	0	0
66	42	0	1	0
66	43	1	0	0
66	47	2	0	0
66	49	2	0	0
66	50	1	0	0
66	53	1	0	0
66	54	2	0	0
66	56	0	1	0
66	57	3	0	0
66	60	3	0	0
67	0	5	3	44
67	1	3	1	25
67	2	1	0	13
67	3	0	0	11
67	4	0	1	5
67	5	0	0	1
67	6	0	0	7
67	7	0	0	3
67	8	0	1	3
67	9	1	0	1
67	10	0	0	3
67	11	0	0	1
67	12	0	1	2
67	13	0	0	2
67	14	0	0	3
67	15	0	0	1
67	16	0	0	2
67	17	0	1	1
67	18	0	1	2
67	19	0	1	1
67	20	0	1	0
67	21	0	0	1
67	22	0	0	1
67	23	0	0	1
67	24	0	0	1
67	25	0	0	1
67	26	0	0	1
67	27	0	1	1
67	30	1	0	0
67	31	0	1	0
67	33	0	0	1
67	34	0	1	1
67	36	0	0	1
67	37	1	0	0
67	39	0	1	0
67	40	0	1	0
67	43	1	0	0
67	46	0	1	0
67	47	1	1	0
67	51	2	0	0
67	53	1	0	0
67	54	0	1	0
67	56	2	0	0
67	57	0	2	0
67	58	1	0	0
67	60	4	0	0
67	61	1	0	0
67	62	2	0	0
67	64	2	0	0
67	65	1	0	0
67	67	1	0	0
68	0	5	15	54
68	1	1	3	29
68	2	1	0	15
68	3	0	0	9
68	4	0	2	7
68	5	0	0	2
68	6	0	0	5
68	7	0	0	1
68	8	0	1	3
68	9	0	1	0
68	10	0	0	3
68	11	0	0	1
68	12	0	0	2
68	13	0	0	1
68	14	0	2	0
68	15	0	0	2
68	18	0	0	2
68	19	0	0	1
68	21	0	0	2
68	22	0	0	3
68	23	0	0	1
68	24	0	0	1
68	25	0	0	1
68	26	0	0	1
68	27	0	1	0
68	28	0	1	1
68	31	0	0	1
68	33	0	0	1
68	34	0	0	1
68	35	0	2	0
68	38	2	1	1
68	40	0	0	1
68	41	0	1	0
68	42	1	1	0
68	43	1	0	0
68	46	1	0	0
68	52	1	0	0
68	56	1	1	0
68	57	2	0	0
68	58	2	0	0
68	61	3	0	0
68	62	2	0	0
68	63	1	0	0
68	64	3	0	0
68	65	2	0	0
68	66	1	0	0
68	67	2	0	0
69	0	4	5	36
69	1	0	1	22
69	2	0	0	16
69	3	0	0	3
69	4	0	0	3
69	5	0	0	2
69	6	0	0	3
69	8	0	0	1
69	9	0	0	3
69	10	0	1	0
69	11	0	0	2
69	12	0	1	2
69	13	0	0	1
69	15	0	1	1
69	17	1	0	1
69	19	0	1	2
69	20	0	0	1
69	22	0	1	0
69	23	0	2	1
69	27	0	1	1
69	28	1	1	0
69	32	0	1	1
69	34	1	0	0
69	36	1	0	0
69	38	0	1	0
69	41	0	1	0
69	45	1	1	0
69	47	0	1	0
69	51	1	0	0
69	52	0	1	0
69	55	0	1	0
69	57	1	1	0
69	58	0	1	0
69	59	2	0	0
69	61	2	0	0
69	63	1	0	0
69	64	1	0	0
69	66	1	0	0
70	0	12	5	41
70	1	4	2	19
70	2	0	0	12
70	3	0	0	6
70	4	0	0	7
70	5	0	0	6
70	6	0	0	3
70	8	0	0	3
70	9	0	0	1
70	12	0	1	0
70	14	0	1	0
70	15	0	1	0
70	16	0	0	3
70	17	0	1	0
70	19	0	1	0
70	21	1	0	0
70	23	0	0	1
70	24	0	1	0
70	26	1	0	0
70	27	0	1	0
70	28	1	1	0
70	29	0	1	0
70	31	1	1	0
70	32	0	0	1
70	33	0	1	0
70	36	1	0	0
70	38	0	1	0
70	40	0	0	1
70	42	0	1	0
70	43	0	1	0
70	45	0	0	1
70	52	2	0	0
70	54	0	0	1
70	55	1	0	0
70	57	1	0	0
70	58	0	1	0
70	59	1	0	0
70	60	1	0	0
70	61	1	0	0
70	63	3	0	0
70	64	1	0	0
70	66	2	0	0
70	68	1	0	0
71	0	9	7	53
71	1	5	1	23
71	2	0	0	12
71	3	0	1	5
71	4	0	0	2
71	5	0	0	1
71	7	0	0	1
71	8	0	0	1
71	9	0	1	1
71	10	0	0	2
71	11	0	0	1
71	12	0	0	1
71	13	0	0	2
71	14	0	1	1
71	15	0	0	2
71	16	0	0	1
71	17	1	0	0
71	19	0	1	0
71	22	0	0	1
71	24	0	2	1
71	26	0	0	2
71	29	0	1	0
71	32	0	1	1
71	33	0	1	0
71	36	0	0	2
71	37	0	1	0
71	41	1	1	0
71	42	0	1	0
71	44	0	1	0
71	48	1	1	0
71	50	0	1	0
71	54	1	0	0
71	57	1	0	0
71	58	1	0	0
71	60	1	0	0
71	61	1	0	0
71	62	2	0	0
71	63	1	0	0
71	64	2	0	0
72	0	7	6	32
72	1	1	1	23
72	2	1	0	10
72	3	0	0	4
72	4	0	0	8
72	5	0	0	1
72	6	0	2	2
72	8	0	0	1
72	9	0	1	1
72	11	0	0	1
72	12	0	0	6
72	14	0	0	1
72	15	0	0	1
72	16	0	0	1
72	17	0	1	0
72	19	0	0	1
72	22	0	0	1
72	23	0	0	1
72	27	0	0	1
72	29	0	0	1
72	30	0	0	1
72	32	0	1	0
72	35	1	0	0
72	37	0	0	1
72	39	1	1	0
72	40	1	0	0
72	42	1	0	0
72	43	0	3	0
72	49	3	0	0
72	50	1	0	0
72	54	1	0	0
72	55	2	1	0
72	56	1	0	0
72	57	0	1	0
72	58	1	0	0
72	59	1	0	0
72	60	2	1	0
72	61	2	0	0
72	62	0	1	0
72	64	0	1	0
72	66	2	0	0
73	0	7	4	29
73	1	1	2	24
73	2	0	0	7
73	3	0	0	3
73	4	0	0	6
73	5	0	0	4
73	6	0	0	3
73	7	0	0	1
73	9	0	0	3
73	11	0	1	2
73	12	0	0	4
73	13	0	0	1
73	16	0	0	1
73	17	0	0	1
73	18	0	0	2
73	20	0	1	0
73	21	0	1	0
73	22	0	0	1
73	27	0	1	1
73	32	0	0	1
73	38	0	0	1
73	39	1	0	0
73	40	0	1	0
73	41	1	0	0
73	43	0	1	0
73	46	1	0	0
73	50	0	1	0
73	51	0	1	0
73	56	1	1	0
73	59	1	0	0
73	60	1	0	0
73	63	0	1	0
73	65	1	0	0
73	66	1	0	0
73	67	1	0	0
73	68	3	0	0
73	69	1	0	0
73	70	1	0	0
73	71	1	0	0
74	0	3	8	19
74	1	3	1	17
74	2	0	0	2
74	3	0	0	8
74	4	0	0	4
74	5	0	1	1
74	6	0	0	1
74	7	0	0	1
74	8	0	0	3
74	9	0	5	0
74	10	0	1	0
74	11	0	1	1
74	12	0	0	2
74	14	0	2	0
74	15	0	1	0
74	16	0	1	0
74	17	0	0	2
74	19	0	2	0
74	22	1	0	0
74	23	0	0	1
74	24	0	0	1
74	25	0	0	1
74	29	0	1	0
74	33	0	0	1
74	35	0	0	1
74	39	0	1	0
74	41	0	1	0
74	42	1	0	0
74	43	1	0	0
74	45	1	0	0
74	48	1	0	0
74	56	1	0	0
74	60	1	0	0
74	63	1	0	0
74	65	1	0	0
74	66	1	0	0
74	68	2	0	0
75	0	5	6	25
75	1	4	0	19
75	2	0	1	10
75	3	0	0	1
75	4	0	0	3
75	5	0	0	2
75	6	0	0	1
75	7	0	0	2
75	8	0	0	1
75	11	0	1	0
75	17	0	0	1
75	18	0	0	1
75	22	0	0	1
75	23	0	1	0
75	25	0	1	1
75	26	0	2	0
75	28	0	1	0
75	29	0	0	2
75	30	0	0	1
75	31	1	0	0
75	36	1	0	0
75	38	1	1	0
75	40	1	0	0
75	43	2	2	0
75	44	0	0	1
75	45	1	0	0
75	47	1	0	0
75	48	2	0	0
75	53	2	0	0
75	59	0	1	0
75	60	2	0	0
75	66	1	0	0
75	67	2	0	0
75	69	1	0	0
76	0	2	2	33
76	1	1	3	15
76	2	0	0	7
76	3	0	0	3
76	4	0	0	4
76	5	0	0	4
76	7	0	0	2
76	9	1	1	1
76	15	0	0	1
76	18	0	0	1
76	19	0	1	0
76	21	0	0	2
76	23	0	0	1
76	30	0	0	1
76	32	0	0	1
76	36	0	1	0
76	38	2	0	0
76	40	1	0	0
76	41	0	1	0
76	43	1	0	0
76	47	0	1	0
76	49	1	0	0
76	50	0	1	0
76	52	0	1	0
76	53	1	0	0
76	59	1	0	0
76	64	2	0	0
76	65	1	0	0
76	66	1	0	0
76	68	1	0	0
76	70	1	0	0
77	0	4	7	39
77	1	3	4	9
77	2	0	0	3
77	3	0	0	2
77	4	0	0	4
77	5	0	0	2
77	7	1	0	0
77	8	0	0	1
77	9	0	0	3
77	10	0	0	1
77	11	0	0	1
77	12	0	0	2
77	13	0	0	1
77	14	0	0	1
77	15	0	1	1
77	20	0	1	0
77	23	0	0	1
77	25	0	1	0
77	28	1	0	0
77	31	0	1	0
77	32	0	0	1
77	37	1	0	0
77	38	1	0	0
77	44	1	0	0
77	45	0	2	0
77	56	0	1	0
77	57	1	0	0
77	58	0	1	0
77	60	0	1	0
77	61	0	1	0
77	63	1	0	0
77	64	1	0	0
77	65	1	0	0
78	0	2	4	21
78	1	1	4	17
78	2	0	0	5
78	3	0	0	4
78	4	0	0	4
78	5	0	0	1
78	6	0	0	1
78	9	0	0	1
78	10	0	0	1
78	14	0	0	1
78	15	0	0	1
78	16	0	1	1
78	19	0	1	0
78	24	0	1	0
78	26	0	1	0
78	33	0	1	2
78	38	1	0	0
78	48	1	0	0
78	52	1	0	0
78	55	0	1	0
78	59	1	0	0
78	65	1	0	0
78	68	1	0	0
78	70	1	0	0
78	73	1	0	0
79	0	6	3	29
79	1	1	1	14
79	2	0	0	5
79	3	0	0	6
79	4	0	0	1
79	5	0	0	1
79	6	0	1	0
79	8	0	2	1
79	9	0	0	1
79	12	0	0	1
79	13	0	1	0
79	14	0	0	2
79	18	0	1	1
79	22	0	0	1
79	26	0	1	0
79	29	1	0	0
79	30	0	1	0
79	33	0	1	0
79	38	0	0	1
79	41	1	0	0
79	45	0	1	0
79	48	1	0	0
79	50	1	0	0
79	51	1	0	0
79	55	1	0	0
79	63	1	0	0
79	71	1	0	0
79	76	1	0	0
80	0	2	1	13
80	1	1	1	14
80	2	0	1	6
80	3	0	0	2
80	4	0	0	1
80	10	0	1	1
80	11	0	0	1
80	12	0	0	1
80	13	0	1	2
80	15	0	0	1
80	22	0	1	1
80	29	0	0	1
80	35	0	1	0
80	41	1	0	0
80	43	1	0	0
80	59	1	0	0
80	74	1	0	0
80	75	1	0	0
81	0	6	4	19
81	1	1	3	4
81	2	1	0	5
81	3	0	0	3
81	4	0	0	1
81	5	0	0	2
81	12	0	0	2
81	16	0	1	0
81	17	0	1	0
81	23	0	1	0
81	30	1	0	0
81	46	0	1	0
81	51	0	1	0
81	53	0	1	0
81	57	0	1	0
81	64	1	0	0
81	65	2	0	0
81	67	1	0	0
81	69	1	0	0
81	72	1	0	0
82	0	1	3	14
82	1	2	2	7
82	2	0	0	3
82	3	0	0	3
82	4	0	0	1
82	5	0	0	1
82	6	0	0	3
82	8	0	0	1
82	9	0	0	2
82	10	0	2	0
82	12	0	0	2
82	14	0	0	1
82	21	0	1	0
82	25	0	1	0
82	26	0	0	1
82	28	0	1	0
82	32	0	1	0
82	42	0	0	1
82	43	1	0	0
82	45	1	0	0
82	58	1	0	0
82	61	0	1	0
82	65	0	1	0
82	69	1	0	0
82	70	1	0	0
82	74	1	0	0
82	75	1	0	0
83	0	1	2	14
83	1	1	0	13
83	2	0	1	3
83	3	0	0	6
83	4	0	0	1
83	5	0	0	1
83	6	0	0	1
83	8	0	1	0
83	9	0	0	1
83	11	0	0	2
83	17	0	0	1
83	23	0	0	1
83	27	0	1	0
83	29	1	0	0
83	31	0	1	0
83	38	2	0	0
83	39	0	1	0
83	40	1	0	0
83	44	0	1	0
83	45	1	0	0
83	61	0	1	0
83	63	1	0	0
83	68	1	0	0
83	77	2	0	0
83	82	1	0	0
84	0	3	3	9
84	1	1	4	5
84	2	0	0	5
84	3	0	0	2
84	4	0	0	1
84	5	0	1	1
84	7	0	0	1
84	8	0	0	2
84	10	0	0	2
84	11	0	0	1
84	14	1	0	1
84	20	0	0	1
84	24	0	0	2
84	30	0	0	1
84	33	0	1	0
84	38	0	0	1
84	40	1	0	0
84	43	0	1	0
84	44	1	0	0
84	45	1	0	0
84	64	0	1	0
84	67	1	0	0
85	0	4	2	9
85	1	0	0	5
85	2	0	0	2
85	4	0	1	3
85	5	0	0	1
85	6	0	0	3
85	7	0	1	0
85	15	0	2	1
85	16	0	0	1
85	17	0	2	0
85	24	0	1	1
85	28	1	0	0
85	32	0	0	1
85	34	0	2	0
85	44	0	1	0
85	57	1	0	0
85	65	0	1	0
85	72	1	0	0
85	73	1	0	0
86	0	1	0	6
86	1	0	0	5
86	2	0	0	2
86	3	0	0	2
86	9	0	0	1
86	11	0	0	1
86	15	0	0	1
86	48	1	0	0
86	53	0	1	0
86	74	1	0	0
86	82	1	0	0
87	0	0	0	14
87	1	0	0	9
87	2	0	0	3
87	3	0	0	3
87	8	0	0	1
87	10	0	0	1
87	17	0	0	1
87	23	0	0	1
87	36	0	0	1
87	38	0	0	1
87	52	0	1	0
87	54	0	0	1
87	60	1	0	0
87	62	1	0	0
87	77	1	0	0
88	0	1	5	11
88	1	0	0	7
88	2	0	0	2
88	3	0	0	1
88	7	0	0	1
88	8	0	1	0
88	18	0	0	1
88	37	0	1	0
88	40	0	0	1
88	41	0	1	0
88	51	1	0	0
89	0	5	2	7
89	1	2	0	2
89	2	1	0	2
89	3	0	0	2
89	4	0	0	2
89	10	0	0	1
89	11	0	1	0
89	12	1	0	0
89	13	0	1	0
89	31	0	0	1
89	38	1	0	0
89	43	0	0	1
89	45	1	0	0
89	52	0	1	0
89	56	1	0	0
89	58	0	1	0
90	0	3	4	12
90	1	1	1	6
90	8	0	0	1
90	10	0	0	1
90	19	0	1	0
90	24	0	0	1
90	27	0	1	0
90	44	1	0	0
90	59	1	0	0
90	60	1	0	0
90	73	1	0	0
90	77	1	0	0
90	78	1	0	0
90	83	1	0	0
91	0	5	4	5
91	1	1	2	2
91	2	0	0	1
91	3	0	0	1
91	6	0	0	1
91	10	0	0	1
91	38	1	0	0
91	75	1	0	0
92	0	1	2	9
92	1	2	2	5
92	2	0	0	2
92	7	0	0	1
92	8	0	0	1
92	13	0	0	1
92	15	0	0	1
92	22	0	1	0
92	44	1	0	0
92	47	1	0	0
92	72	1	0	0
92	79	1	0	0
92	83	1	0	0
93	0	0	3	10
93	1	1	0	7
93	2	0	0	1
93	3	0	0	2
93	8	0	0	1
93	14	0	0	1
93	22	0	1	0
93	25	1	0	0
93	32	0	0	1
93	48	1	0	0
93	51	1	0	0
93	52	0	1	0
94	0	3	2	10
94	1	0	0	6
94	2	0	0	1
94	3	0	0	1
94	4	0	0	1
94	9	0	1	1
94	10	0	0	1
94	12	0	0	1
94	85	1	0	0
95	0	3	0	7
95	1	0	0	8
95	3	0	1	0
95	5	0	0	1
95	7	0	1	1
95	8	0	1	0
95	15	0	1	0
95	31	0	0	1
95	79	1	0	0
95	86	1	0	0
96	0	0	2	3
96	1	1	1	1
96	2	1	1	2
96	13	0	0	1
96	24	0	0	1
96	27	0	1	0
96	38	1	0	0
96	55	0	0	1
96	56	1	0	0
96	77	1	0	0
96	82	1	0	0
97	0	2	0	8
97	1	1	0	4
97	2	0	0	1
97	3	0	0	2
97	4	0	0	1
97	16	0	0	1
97	21	0	0	1
97	36	0	1	0
97	49	1	0	0
97	59	0	1	0
97	62	1	0	0
97	64	1	0	0
98	0	2	1	5
98	1	0	0	4
98	2	0	0	1
98	5	0	1	0
98	16	0	0	1
98	57	1	0	0
99	0	2	3	6
99	1	1	0	0
99	15	0	0	1
99	28	1	0	0
99	45	1	0	0
100	0	1	0	3
100	1	0	1	5
100	2	1	0	0
100	4	0	0	2
100	20	0	1	0
100	23	0	0	1
100	35	0	1	0
100	45	1	0	0
100	46	1	0	0
101	0	1	0	5
101	1	0	0	3
101	27	1	0	0
102	0	0	0	5
102	1	1	0	1
102	3	0	0	2
102	6	0	0	1
102	9	0	0	1
102	22	0	1	0
102	32	0	2	0
102	47	1	0	0
102	54	1	0	0
103	0	0	0	2
103	1	1	0	1
103	2	0	0	1
103	5	0	0	1
103	61	1	0	0
104	0	3	2	1
104	1	0	0	2
104	2	0	0	1
104	12	0	1	0
104	21	0	0	1
104	46	1	0	0
105	0	0	1	5
105	1	1	0	0
105	31	0	1	0
106	0	0	1	1
106	1	0	0	1
106	15	0	0	1
106	45	1	0	0
107	0	0	0	2
107	1	0	0	1
107	2	0	0	1
107	8	0	0	1
108	0	1	0	1
108	4	0	0	1
108	9	0	1	0
108	15	0	1	0
108	18	0	1	0
108	19	0	1	0
108	48	1	0	0
108	58	1	0	0
108	68	1	0	0
109	0	0	0	3
109	2	0	0	1
109	4	0	0	1
109	5	0	1	0
109	18	0	0	1
109	40	0	0	1
109	53	1	0	0
109	61	1	0	0
110	0	0	0	5
110	1	0	0	1
110	9	0	1	0
110	27	0	1	0
111	0	0	1	2
111	1	0	2	0
111	2	0	0	1
111	4	0	0	1
111	5	0	0	1
111	9	0	1	0
111	24	0	0	1
111	54	1	0	0
111	57	1	0	0
111	68	1	0	0
112	0	0	1	2
112	1	0	0	1
113	0	1	0	0
113	2	1	0	0
113	67	1	0	0
114	0	0	1	0
114	1	0	0	1
114	4	0	0	1
115	0	2	0	2
115	2	0	0	2
115	15	0	0	1
115	52	1	0	0
115	55	1	0	0
116	0	0	0	4
116	1	0	0	3
116	16	0	1	0
116	20	0	0	1
116	65	1	0	0
116	69	0	1	0
117	0	0	0	1
117	1	0	0	1
117	5	0	0	1
117	7	0	0	1
117	74	1	0	0
118	0	0	1	1
118	8	0	0	1
118	56	1	0	0
118	67	1	0	0
119	1	0	1	1
119	76	1	0	0
120	0	1	0	1
120	1	0	0	1
120	6	0	0	1
120	12	0	0	1
120	27	0	1	0
121	0	0	0	1
121	1	1	1	1
121	5	0	1	0
121	6	0	1	0
121	11	0	2	0
122	54	1	0	0
122	95	1	0	0
123	0	1	0	1
123	5	0	0	1
123	27	0	1	0
123	69	1	0	0
124	58	1	0	0
125	0	0	0	2
125	12	0	1	0
125	59	0	1	0
125	82	1	0	0
127	1	0	1	1
127	2	0	0	1
127	6	0	0	1
127	69	1	0	0
128	0	0	0	1
128	61	0	0	1
129	0	0	0	1
130	1	0	0	1
130	2	0	0	2
130	3	0	0	1
132	1	0	0	1
132	21	0	1	0
132	114	1	0	0
134	34	0	1	0
134	70	1	0	0
137	3	0	0	1
139	6	0	0	1
144	1	0	0	1
145	0	0	0	1
149	34	1	0	0
159	0	0	0	1
161	1	0	0	1
